i,aVR,ii,aVF,iii,aVL,V1,V2,V3,V4,V5,V6
0.00488,-0.08052,0.15616,0.15372,0.15128,-0.0732,-0.03904,0.03416,0.05368,0.01952,-0.01952,0.00976
0,-0.07076,0.14152,0.14152,0.14152,-0.07076,-0.03904,0.0244,0.03904,0,-0.03416,0
0,-0.05612,0.11224,0.11224,0.11224,-0.05612,-0.0244,0.01952,0.0244,0.00488,-0.03416,-0.00976
-0.00976,-0.03904,0.08784,0.09272,0.0976,-0.05368,-0.03416,0.00976,0.00488,-0.01464,-0.03904,-0.01952
-0.00976,-0.04392,0.0976,0.10248,0.10736,-0.05856,-0.02928,-0.00976,0,-0.0244,-0.05856,-0.01464
-0.01464,-0.03904,0.09272,0.10004,0.10736,-0.061,-0.03416,-0.01952,-0.00976,-0.03904,-0.06344,-0.02928
-0.01952,-0.02928,0.07808,0.08784,0.0976,-0.05856,-0.0244,-0.01464,-0.03416,-0.04392,-0.06344,-0.03416
-0.01952,-0.02196,0.06344,0.0732,0.08296,-0.05124,-0.0244,-0.0244,-0.04392,-0.05368,-0.06832,-0.03416
-0.01464,-0.0244,0.06344,0.07076,0.07808,-0.04636,-0.03416,-0.03904,-0.03904,-0.04392,-0.0732,-0.02928
-0.01464,-0.02928,0.0732,0.08052,0.08784,-0.05124,-0.0488,-0.04392,-0.04392,-0.05368,-0.07808,-0.03904
-0.01952,-0.01708,0.05368,0.06344,0.0732,-0.04636,-0.04392,-0.03416,-0.06344,-0.06832,-0.0732,-0.03904
-0.01464,-0.01952,0.05368,0.061,0.06832,-0.04148,-0.04392,-0.04392,-0.06832,-0.06832,-0.07808,-0.03904
-0.01464,-0.01708,0.0488,0.05612,0.06344,-0.03904,-0.03416,-0.05368,-0.06344,-0.07808,-0.08296,-0.0488
-0.00976,-0.01952,0.0488,0.05368,0.05856,-0.03416,-0.0244,-0.0488,-0.06832,-0.07808,-0.09272,-0.0488
-0.0244,-0.0122,0.0488,0.061,0.0732,-0.0488,-0.03416,-0.04392,-0.06832,-0.07808,-0.08784,-0.04392
-0.0244,-0.00732,0.03904,0.05124,0.06344,-0.04392,-0.03416,-0.0488,-0.06832,-0.07808,-0.08784,-0.0488
-0.01464,-0.01708,0.0488,0.05612,0.06344,-0.03904,-0.0244,-0.05368,-0.08296,-0.07808,-0.10248,-0.05856
-0.01464,-0.01464,0.04392,0.05124,0.05856,-0.0366,-0.0244,-0.05368,-0.09272,-0.08296,-0.10248,-0.05856
-0.00488,-0.01708,0.03904,0.04148,0.04392,-0.0244,-0.03416,-0.0488,-0.08296,-0.08784,-0.0976,-0.05856
-0.00976,-0.0122,0.03416,0.03904,0.04392,-0.02684,-0.02928,-0.04392,-0.0732,-0.08296,-0.0976,-0.06344
-0.01464,-0.00732,0.02928,0.0366,0.04392,-0.02928,-0.03416,-0.05368,-0.08296,-0.08296,-0.10248,-0.06344
-0.01464,-0.00244,0.01952,0.02684,0.03416,-0.0244,-0.03416,-0.05368,-0.0976,-0.09272,-0.11224,-0.06344
-0.02928,-0.00244,0.03416,0.0488,0.06344,-0.04636,-0.0244,-0.04392,-0.09272,-0.09272,-0.10248,-0.05368
-0.02928,-0.00244,0.03416,0.0488,0.06344,-0.04636,-0.01952,-0.03904,-0.09272,-0.09272,-0.10248,-0.05856
-0.0244,-0.00488,0.03416,0.04636,0.05856,-0.04148,-0.03416,-0.03904,-0.09272,-0.08296,-0.10248,-0.0488
-0.00976,-0.01952,0.0488,0.05368,0.05856,-0.03416,-0.03416,-0.03904,-0.09272,-0.08296,-0.10248,-0.0488
-0.0244,-0.00488,0.03416,0.04636,0.05856,-0.04148,-0.0244,-0.0488,-0.0976,-0.0976,-0.10248,-0.05856
-0.0244,-0.00732,0.03904,0.05124,0.06344,-0.04392,-0.01952,-0.0488,-0.0976,-0.0976,-0.10248,-0.05856
-0.0244,-0.00732,0.03904,0.05124,0.06344,-0.04392,-0.02928,-0.03904,-0.08784,-0.08784,-0.10248,-0.05856
-0.0244,-0.01464,0.05368,0.06588,0.07808,-0.05124,-0.01952,-0.03416,-0.08784,-0.08784,-0.0976,-0.05856
-0.03416,-0.00488,0.04392,0.061,0.07808,-0.05612,-0.0244,-0.03416,-0.07808,-0.08296,-0.09272,-0.05368
-0.03416,-0.00488,0.04392,0.061,0.07808,-0.05612,-0.0244,-0.02928,-0.07808,-0.08296,-0.09272,-0.05368
-0.0244,-0.01464,0.05368,0.06588,0.07808,-0.05124,-0.03416,-0.02928,-0.07808,-0.08296,-0.0976,-0.04392
-0.01952,-0.01952,0.05856,0.06832,0.07808,-0.0488,-0.03416,-0.02928,-0.07808,-0.08296,-0.0976,-0.03904
-0.03904,-0.00488,0.0488,0.06832,0.08784,-0.06344,-0.02928,-0.02928,-0.0732,-0.0732,-0.08784,-0.0488
-0.03904,-0.00244,0.04392,0.06344,0.08296,-0.061,-0.0244,-0.02928,-0.0732,-0.0732,-0.09272,-0.05368
-0.0244,-0.01464,0.05368,0.06588,0.07808,-0.05124,-0.0244,-0.03904,-0.08296,-0.07808,-0.08784,-0.05368
-0.03416,-0.00976,0.05368,0.07076,0.08784,-0.061,-0.0244,-0.03416,-0.08296,-0.07808,-0.09272,-0.05368
-0.0244,-0.01708,0.05856,0.07076,0.08296,-0.05368,-0.0244,-0.03416,-0.06832,-0.06832,-0.07808,-0.03904
-0.0244,-0.01708,0.05856,0.07076,0.08296,-0.05368,-0.0244,-0.03416,-0.06344,-0.06832,-0.0732,-0.03904
-0.01464,-0.02684,0.06832,0.07564,0.08296,-0.0488,-0.01464,-0.02928,-0.06344,-0.06344,-0.06832,-0.02928
-0.01952,-0.02928,0.07808,0.08784,0.0976,-0.05856,-0.01952,-0.0244,-0.06344,-0.05856,-0.06832,-0.0244
-0.00976,-0.0366,0.08296,0.08784,0.09272,-0.05124,-0.02928,-0.03904,-0.06344,-0.05856,-0.06832,-0.03416
-0.00488,-0.0366,0.07808,0.08052,0.08296,-0.04392,-0.0244,-0.03904,-0.05856,-0.05856,-0.06344,-0.03416
-0.01464,-0.02684,0.06832,0.07564,0.08296,-0.0488,-0.0244,-0.02928,-0.05856,-0.05856,-0.06344,-0.03416
-0.01464,-0.0244,0.06344,0.07076,0.07808,-0.04636,-0.02928,-0.02928,-0.06344,-0.05368,-0.06344,-0.03416
-0.01464,-0.0366,0.08784,0.09516,0.10248,-0.05856,-0.03904,-0.02928,-0.05856,-0.05368,-0.06344,-0.02928
-0.00976,-0.03416,0.07808,0.08296,0.08784,-0.0488,-0.03904,-0.0244,-0.05368,-0.0488,-0.05856,-0.02928
0.00488,-0.04392,0.08296,0.08052,0.07808,-0.0366,-0.02928,-0.02928,-0.05368,-0.05856,-0.06832,-0.02928
0,-0.04392,0.08784,0.08784,0.08784,-0.04392,-0.02928,-0.02928,-0.05368,-0.05856,-0.06832,-0.02928
0,-0.0366,0.0732,0.0732,0.0732,-0.0366,-0.03904,-0.03904,-0.06344,-0.06832,-0.06832,-0.0244
0,-0.0366,0.0732,0.0732,0.0732,-0.0366,-0.04392,-0.04392,-0.06344,-0.06832,-0.06832,-0.02928
0,-0.02928,0.05856,0.05856,0.05856,-0.02928,-0.03904,-0.03416,-0.05368,-0.06832,-0.07808,-0.03904
0.00488,-0.03172,0.05856,0.05612,0.05368,-0.0244,-0.03416,-0.03416,-0.05368,-0.06832,-0.07808,-0.03904
-0.00488,-0.03416,0.0732,0.07564,0.07808,-0.04148,-0.03416,-0.04392,-0.05368,-0.05856,-0.06832,-0.02928
-0.00488,-0.0366,0.07808,0.08052,0.08296,-0.04392,-0.03904,-0.04392,-0.05368,-0.06344,-0.07808,-0.02928
-0.01464,-0.02684,0.06832,0.07564,0.08296,-0.0488,-0.02928,-0.04392,-0.05368,-0.06344,-0.05856,-0.02928
-0.01464,-0.02196,0.05856,0.06588,0.0732,-0.04392,-0.02928,-0.04392,-0.05368,-0.06344,-0.05856,-0.02928
-0.00488,-0.02684,0.05856,0.061,0.06344,-0.03416,-0.03904,-0.03416,-0.05856,-0.06344,-0.0732,-0.03416
-0.00976,-0.0244,0.05856,0.06344,0.06832,-0.03904,-0.03416,-0.03416,-0.05368,-0.06344,-0.0732,-0.03416
-0.00976,-0.0244,0.05856,0.06344,0.06832,-0.03904,-0.03416,-0.03904,-0.06344,-0.06344,-0.0732,-0.03416
-0.00488,-0.02928,0.06344,0.06588,0.06832,-0.0366,-0.03904,-0.03904,-0.05856,-0.06832,-0.07808,-0.03904
-0.00488,-0.02928,0.06344,0.06588,0.06832,-0.0366,-0.03416,-0.0488,-0.0488,-0.06832,-0.06344,-0.03416
-0.00488,-0.02928,0.06344,0.06588,0.06832,-0.0366,-0.03416,-0.0488,-0.05368,-0.06832,-0.06344,-0.03416
-0.00488,-0.03172,0.06832,0.07076,0.0732,-0.03904,-0.0244,-0.04392,-0.05368,-0.06832,-0.0732,-0.0244
-0.00976,-0.03172,0.0732,0.07808,0.08296,-0.04636,-0.01464,-0.03904,-0.05368,-0.06832,-0.0732,-0.0244
-0.00488,-0.03172,0.06832,0.07076,0.0732,-0.03904,-0.02928,-0.04392,-0.05856,-0.06832,-0.07808,-0.03904
-0.00488,-0.03416,0.0732,0.07564,0.07808,-0.04148,-0.02928,-0.04392,-0.05856,-0.06832,-0.08296,-0.0488
-0.00976,-0.02196,0.05368,0.05856,0.06344,-0.0366,-0.02928,-0.04392,-0.05856,-0.07808,-0.08784,-0.03904
-0.01952,-0.0122,0.04392,0.05368,0.06344,-0.04148,-0.02928,-0.04392,-0.05856,-0.08296,-0.09272,-0.04392
-0.01464,-0.01952,0.05368,0.061,0.06832,-0.04148,-0.03416,-0.04392,-0.06344,-0.08296,-0.07808,-0.05368
-0.01464,-0.01952,0.05368,0.061,0.06832,-0.04148,-0.03416,-0.04392,-0.0732,-0.08296,-0.08296,-0.05368
-0.00976,-0.01708,0.04392,0.0488,0.05368,-0.03172,-0.03904,-0.05368,-0.05856,-0.08296,-0.08784,-0.04392
-0.00488,-0.01952,0.04392,0.04636,0.0488,-0.02684,-0.03416,-0.05368,-0.05856,-0.07808,-0.08296,-0.04392
-0.01952,-0.00976,0.03904,0.0488,0.05856,-0.03904,-0.02928,-0.0488,-0.06344,-0.0732,-0.0732,-0.04392
-0.01952,-0.00976,0.03904,0.0488,0.05856,-0.03904,-0.0244,-0.04392,-0.06344,-0.0732,-0.0732,-0.04392
-0.01952,-0.00732,0.03416,0.04392,0.05368,-0.0366,-0.03904,-0.04392,-0.06344,-0.0732,-0.08784,-0.04392
-0.01464,-0.0122,0.03904,0.04636,0.05368,-0.03416,-0.03904,-0.05368,-0.06344,-0.0732,-0.08784,-0.04392
-0.00976,-0.01952,0.0488,0.05368,0.05856,-0.03416,-0.02928,-0.0488,-0.05368,-0.0732,-0.08296,-0.04392
-0.00976,-0.01708,0.04392,0.0488,0.05368,-0.03172,-0.02928,-0.0488,-0.05856,-0.07808,-0.08296,-0.04392
-0.00976,-0.01708,0.04392,0.0488,0.05368,-0.03172,-0.03904,-0.05856,-0.06832,-0.0732,-0.08296,-0.03416
-0.0244,-0.00976,0.04392,0.05612,0.06832,-0.04636,-0.03904,-0.05856,-0.06832,-0.08296,-0.08784,-0.03904
-0.00488,-0.02196,0.0488,0.05124,0.05368,-0.02928,-0.03416,-0.05856,-0.06832,-0.08296,-0.08784,-0.0488
-0.00976,-0.01952,0.0488,0.05368,0.05856,-0.03416,-0.03416,-0.05368,-0.06832,-0.08784,-0.08784,-0.04392
-0.00976,-0.01708,0.04392,0.0488,0.05368,-0.03172,-0.03904,-0.05856,-0.06832,-0.08784,-0.07808,-0.0488
-0.00976,-0.01708,0.04392,0.0488,0.05368,-0.03172,-0.03904,-0.05856,-0.06344,-0.08296,-0.07808,-0.0488
-0.01952,-0.01464,0.0488,0.05856,0.06832,-0.04392,-0.01952,-0.0488,-0.06832,-0.07808,-0.07808,-0.03904
-0.00976,-0.01952,0.0488,0.05368,0.05856,-0.03416,-0.01952,-0.03904,-0.05856,-0.07808,-0.07808,-0.03904
-0.00976,-0.01952,0.0488,0.05368,0.05856,-0.03416,-0.01952,-0.03904,-0.05856,-0.07808,-0.07808,-0.03904
-0.01952,-0.01464,0.0488,0.05856,0.06832,-0.04392,-0.02928,-0.04392,-0.0488,-0.06344,-0.0732,-0.03904
-0.01464,-0.02928,0.0732,0.08052,0.08784,-0.05124,-0.02928,-0.03904,-0.03416,-0.05368,-0.06832,-0.0244
-0.00488,-0.04148,0.08784,0.09028,0.09272,-0.0488,-0.01464,-0.03416,-0.03416,-0.05368,-0.05368,-0.01464
-0.00488,-0.0488,0.10248,0.10492,0.10736,-0.05612,-0.0244,-0.03416,-0.0244,-0.0488,-0.0488,-0.01464
-0.00488,-0.0488,0.10248,0.10492,0.10736,-0.05612,-0.01952,-0.02928,-0.01952,-0.03904,-0.0488,0
-0.00488,-0.0488,0.10248,0.10492,0.10736,-0.05612,-0.01464,-0.02928,-0.01952,-0.0488,-0.0488,-0.00976
-0.00976,-0.03416,0.07808,0.08296,0.08784,-0.0488,-0.0244,-0.0244,-0.0244,-0.05368,-0.05856,-0.01464
-0.00976,-0.0366,0.08296,0.08784,0.09272,-0.05124,-0.0244,-0.0244,-0.01952,-0.05368,-0.05856,-0.01464
-0.00976,-0.04636,0.10248,0.10736,0.11224,-0.061,-0.01952,-0.01952,0,-0.02928,-0.03904,-0.00976
-0.00488,-0.061,0.12688,0.12932,0.13176,-0.06832,-0.0244,-0.01952,0.00976,-0.0244,-0.02928,0.00976
-0.01464,-0.05124,0.11712,0.12444,0.13176,-0.0732,-0.03904,-0.03904,0.01464,-0.03416,-0.02928,0.0244
0,-0.06588,0.13176,0.13176,0.13176,-0.06588,-0.0488,-0.04392,0.01952,-0.00976,-0.01952,0.02928
0.01464,-0.08052,0.1464,0.13908,0.13176,-0.05856,-0.06344,-0.05856,0.00488,-0.00976,-0.01952,0.01952
0.03416,-0.09028,0.1464,0.12932,0.11224,-0.03904,-0.07808,-0.05856,0,-0.00976,-0.01464,0.0244
0.02928,-0.09028,0.15128,0.13664,0.122,-0.04636,-0.07808,-0.06832,0,-0.00976,-0.01952,0.03904
0.01464,-0.0854,0.15616,0.14884,0.14152,-0.06344,-0.07808,-0.0732,0,-0.00976,-0.01952,0.03904
0.0244,-0.08784,0.15128,0.13908,0.12688,-0.05124,-0.0732,-0.06832,-0.01464,-0.0244,-0.03416,0.0244
0.0244,-0.07564,0.12688,0.11468,0.10248,-0.03904,-0.0732,-0.0732,-0.0244,-0.03416,-0.03904,0.01952
0.03904,-0.06832,0.0976,0.07808,0.05856,-0.00976,-0.06832,-0.06344,-0.01952,-0.0488,-0.04392,0.00976
0.03416,-0.061,0.08784,0.07076,0.05368,-0.00976,-0.06832,-0.06344,-0.0244,-0.05368,-0.0488,0
0.02928,-0.05856,0.08784,0.0732,0.05856,-0.01464,-0.05856,-0.06344,-0.03904,-0.04392,-0.06344,-0.00488
0.0244,-0.0488,0.0732,0.061,0.0488,-0.0122,-0.05856,-0.06344,-0.0488,-0.05368,-0.06344,-0.01952
0.00976,-0.04148,0.0732,0.06832,0.06344,-0.02684,-0.04392,-0.0488,-0.03904,-0.05856,-0.05856,-0.00976
0,-0.03172,0.06344,0.06344,0.06344,-0.03172,-0.03904,-0.05368,-0.0488,-0.06832,-0.06832,-0.01952
-0.01952,0,0.01952,0.02928,0.03904,-0.02928,-0.03416,-0.06344,-0.0732,-0.08784,-0.10248,-0.0488
-0.0244,0.00244,0.01952,0.03172,0.04392,-0.03416,-0.02928,-0.06344,-0.0732,-0.08784,-0.10248,-0.0488
-0.02928,0.00732,0.01464,0.02928,0.04392,-0.0366,-0.0244,-0.06344,-0.07808,-0.10248,-0.10248,-0.05856
-0.02928,0.0122,0.00488,0.01952,0.03416,-0.03172,-0.03416,-0.06344,-0.08784,-0.10736,-0.11712,-0.06832
-0.03416,0.0244,-0.01464,0.00244,0.01952,-0.02684,-0.04392,-0.06832,-0.08296,-0.10736,-0.122,-0.06832
-0.02928,0.02196,-0.01464,0,0.01464,-0.02196,-0.04392,-0.06832,-0.07808,-0.10248,-0.122,-0.06832
-0.0244,0.01708,-0.00976,0.00244,0.01464,-0.01952,-0.03416,-0.06832,-0.08784,-0.11712,-0.11224,-0.06832
-0.01952,0.00976,0,0.00976,0.01952,-0.01952,-0.03904,-0.06832,-0.08784,-0.11712,-0.11224,-0.06832
-0.02928,0.01708,-0.00488,0.00976,0.0244,-0.02684,-0.0244,-0.05856,-0.07808,-0.10248,-0.11712,-0.06344
-0.03416,0.02684,-0.01952,-0.00244,0.01464,-0.0244,-0.0244,-0.05856,-0.07808,-0.10248,-0.11712,-0.06344
-0.0244,0.01708,-0.00976,0.00244,0.01464,-0.01952,-0.0244,-0.06832,-0.08784,-0.11224,-0.122,-0.06344
-0.0244,0.01708,-0.00976,0.00244,0.01464,-0.01952,-0.0244,-0.06832,-0.08784,-0.11224,-0.122,-0.06344
-0.01952,0.01464,-0.00976,0,0.00976,-0.01464,-0.01952,-0.05856,-0.0732,-0.10248,-0.10736,-0.06344
-0.03416,0.01464,0.00488,0.02196,0.03904,-0.0366,0,0,-0.03416,-0.08296,-0.11224,-0.06832
-0.03416,-0.00244,0.03904,0.05612,0.0732,-0.05368,0.04392,0.07808,0.03904,-0.0488,-0.07808,-0.0488
-0.05368,-0.00732,0.06832,0.09516,0.122,-0.08784,0.04392,0.12688,0.13176,0.02928,-0.0244,-0.01464
0.00488,-0.06344,0.122,0.11956,0.11712,-0.05612,0.05856,0.22936,0.26352,0.13664,0.05856,0.0244
0.08784,-0.17324,0.25864,0.21472,0.1708,-0.04148,0.05368,0.27816,0.4392,0.29768,0.18056,0.13664
0.14152,-0.23424,0.32696,0.2562,0.18544,-0.02196,-0.0488,0.20008,0.5612,0.40016,0.27816,0.1952
0.22936,-0.3416,0.45384,0.33916,0.22448,0.00244,-0.16104,0.05368,0.67344,0.53192,0.40992,0.30256
0.30256,-0.39528,0.488,0.33672,0.18544,0.05856,-0.31232,-0.16592,0.61,0.5368,0.42944,0.33672
0.32208,-0.38064,0.4392,0.27816,0.11712,0.10248,-0.46848,-0.52216,0.29768,0.37088,0.35624,0.32208
0.22936,-0.20984,0.19032,0.07564,-0.03904,0.1342,-0.47336,-0.76616,-0.15128,-0.00976,0.08784,0.15128
-0.00488,0.04636,-0.08784,-0.0854,-0.08296,0.03904,-0.40016,-1.01504,-0.67832,-0.38064,-0.21472,-0.02928
-0.13664,0.21716,-0.29768,-0.22936,-0.16104,0.0122,-0.38552,-1.16632,-1.04432,-0.59536,-0.38064,-0.15616
-0.15616,0.26352,-0.37088,-0.2928,-0.21472,0.02928,-0.43432,-1.24928,-1.16632,-0.64416,-0.42456,-0.1952
-0.13176,0.2806,-0.42944,-0.36356,-0.29768,0.08296,-0.47824,-1.20536,-1.13216,-0.66856,-0.44896,-0.23424
-0.10248,0.24156,-0.38064,-0.3294,-0.27816,0.08784,-0.45872,-1.01992,-1.01504,-0.61488,-0.41968,-0.21472
-0.08784,0.18056,-0.27328,-0.22936,-0.18544,0.0488,-0.35624,-0.74664,-0.76616,-0.47336,-0.34648,-0.16592
-0.10248,0.13908,-0.17568,-0.12444,-0.0732,-0.01464,-0.27328,-0.5612,-0.57096,-0.34648,-0.24888,-0.10736
-0.05368,0.08052,-0.10736,-0.08052,-0.05368,0,-0.21472,-0.45384,-0.45384,-0.27816,-0.20008,-0.08784
-0.07808,0.08784,-0.0976,-0.05856,-0.01952,-0.02928,-0.15616,-0.35136,-0.38552,-0.25864,-0.18544,-0.0732
-0.07808,0.06832,-0.05856,-0.01952,0.01952,-0.0488,-0.11224,-0.244,-0.2928,-0.20496,-0.16592,-0.0732
-0.05368,0.0488,-0.04392,-0.01708,0.00976,-0.03172,-0.0732,-0.15616,-0.20496,-0.16592,-0.15128,-0.06832
-0.0488,0.03416,-0.01952,0.00488,0.02928,-0.03904,-0.0488,-0.11224,-0.13664,-0.13176,-0.11712,-0.05856
-0.0488,0.0244,0,0.0244,0.0488,-0.0488,-0.03416,-0.07808,-0.11712,-0.11224,-0.10736,-0.0488
-0.0488,0.02684,-0.00488,0.01952,0.04392,-0.04636,-0.0244,-0.05368,-0.10248,-0.11712,-0.10736,-0.05856
-0.03416,0.01952,-0.00488,0.0122,0.02928,-0.03172,0,-0.0244,-0.0732,-0.10736,-0.122,-0.0488
-0.03416,0.01952,-0.00488,0.0122,0.02928,-0.03172,0.00488,-0.0244,-0.06832,-0.10248,-0.11712,-0.0488
-0.03904,0.01708,0.00488,0.0244,0.04392,-0.04148,0.01952,-0.00976,-0.0732,-0.09272,-0.11224,-0.03904
-0.03904,0.01708,0.00488,0.0244,0.04392,-0.04148,0.0244,0,-0.06832,-0.09272,-0.10248,-0.03904
-0.03416,0.01952,-0.00488,0.0122,0.02928,-0.03172,0.0244,0,-0.05856,-0.0976,-0.0976,-0.03904
-0.02928,0.01464,0,0.01464,0.02928,-0.02928,0.02928,0.00488,-0.05856,-0.0976,-0.10736,-0.05368
-0.02928,0.00732,0.01464,0.02928,0.04392,-0.0366,0.01952,0.01464,-0.0488,-0.08296,-0.0976,-0.04392
-0.02928,0.00732,0.01464,0.02928,0.04392,-0.0366,0.0244,0.01464,-0.0488,-0.07808,-0.0976,-0.04392
-0.03904,0.01464,0.00976,0.02928,0.0488,-0.04392,0.0244,0.01952,-0.0488,-0.07808,-0.0976,-0.06344
-0.03416,0.01464,0.00488,0.02196,0.03904,-0.0366,0.0244,0.0244,-0.0488,-0.07808,-0.0976,-0.05368
-0.0244,0.00732,0.00976,0.02196,0.03416,-0.02928,0.03416,0.0244,-0.03416,-0.07808,-0.08296,-0.04392
-0.0244,0.00732,0.00976,0.02196,0.03416,-0.02928,0.03416,0.02928,-0.02928,-0.08296,-0.07808,-0.03416
-0.0244,0.00976,0.00488,0.01708,0.02928,-0.02684,0.0244,0.03416,-0.03904,-0.07808,-0.08784,-0.03904
-0.02928,0.0122,0.00488,0.01952,0.03416,-0.03172,0.0244,0.03904,-0.02928,-0.0732,-0.08784,-0.03904
-0.0244,-0.00244,0.02928,0.04148,0.05368,-0.03904,0.03904,0.04392,-0.01952,-0.06344,-0.08296,-0.0244
-0.0244,0.00244,0.01952,0.03172,0.04392,-0.03416,0.03904,0.04392,-0.01952,-0.06344,-0.08296,-0.0244
-0.03416,0.0122,0.00976,0.02684,0.04392,-0.03904,0.02928,0.0488,-0.01952,-0.06832,-0.08296,-0.03416
-0.02928,0.00488,0.01952,0.03416,0.0488,-0.03904,0.02928,0.05368,-0.01952,-0.06832,-0.08296,-0.03416
-0.01952,-0.00488,0.02928,0.03904,0.0488,-0.03416,0.0244,0.04392,-0.01464,-0.05368,-0.06832,-0.0244
-0.01952,-0.00732,0.03416,0.04392,0.05368,-0.0366,0.0244,0.05368,-0.00976,-0.04392,-0.06832,-0.01952
-0.00976,-0.01464,0.03904,0.04392,0.0488,-0.02928,0.01952,0.05368,-0.01952,-0.05368,-0.0732,-0.02928
-0.00976,-0.00976,0.02928,0.03416,0.03904,-0.0244,0.01952,0.05856,-0.00976,-0.05368,-0.0732,-0.0244
-0.01464,-0.01464,0.04392,0.05124,0.05856,-0.0366,0.0244,0.06344,-0.00976,-0.03904,-0.06344,-0.01464
-0.00976,-0.01952,0.0488,0.05368,0.05856,-0.03416,0.0244,0.0732,0.00488,-0.03904,-0.05368,-0.00488
-0.00976,-0.02684,0.06344,0.06832,0.0732,-0.04148,0.03416,0.09272,0.00976,-0.02928,-0.0488,-0.00488
-0.00976,-0.02928,0.06832,0.0732,0.07808,-0.04392,0.03416,0.10248,0.03416,-0.01464,-0.0488,-0.00488
-0.00976,-0.02684,0.06344,0.06832,0.0732,-0.04148,0.0244,0.09272,0.03904,-0.00976,-0.05368,-0.01464
0,-0.02684,0.05368,0.05368,0.05368,-0.02684,0.0244,0.0976,0.04392,-0.00488,-0.04392,-0.00976
0,-0.0366,0.0732,0.0732,0.0732,-0.0366,0.01464,0.122,0.06832,0,-0.03416,0.01464
0,-0.0488,0.0976,0.0976,0.0976,-0.0488,0.01952,0.13664,0.07808,0.01952,-0.0244,0.01952
0.01464,-0.06344,0.11224,0.10492,0.0976,-0.04148,0.02928,0.13664,0.08784,0.0244,-0.0244,0.00976
0.01952,-0.06832,0.11712,0.10736,0.0976,-0.03904,0.02928,0.15128,0.09272,0.0244,-0.01464,0.0244
0.00976,-0.07564,0.14152,0.13664,0.13176,-0.061,0.02928,0.17568,0.11224,0.0488,0,0.03904
0.01952,-0.08784,0.15616,0.1464,0.13664,-0.05856,0.02928,0.18544,0.1464,0.06832,0.01464,0.0488
0.02928,-0.10004,0.1708,0.15616,0.14152,-0.05612,0.02928,0.20008,0.16104,0.07808,0.02928,0.06344
0.02928,-0.10736,0.18544,0.1708,0.15616,-0.06344,0.02928,0.21472,0.18544,0.10248,0.03904,0.06832
0.04392,-0.122,0.20008,0.17812,0.15616,-0.05612,0.01952,0.22936,0.20496,0.12688,0.06832,0.08784
0.0488,-0.13908,0.22936,0.20496,0.18056,-0.06588,0.01952,0.244,0.23424,0.14152,0.09272,0.11224
0.05368,-0.16348,0.27328,0.24644,0.2196,-0.08296,0.00976,0.25376,0.24888,0.1708,0.11224,0.11224
0.0488,-0.16592,0.28304,0.25864,0.23424,-0.09272,0,0.26352,0.27328,0.19032,0.122,0.13176
0.0488,-0.18056,0.31232,0.28792,0.26352,-0.10736,0.00488,0.2684,0.31232,0.22448,0.15128,0.15616
0.05368,-0.19276,0.33184,0.305,0.27816,-0.11224,-0.00488,0.27328,0.33184,0.244,0.17568,0.17568
0.05856,-0.20252,0.34648,0.3172,0.28792,-0.11468,-0.00976,0.26352,0.33184,0.24888,0.17568,0.19032
0.05856,-0.20984,0.36112,0.33184,0.30256,-0.122,-0.01464,0.25864,0.35624,0.25864,0.1952,0.1952
0.06832,-0.22448,0.38064,0.34648,0.31232,-0.122,-0.03416,0.24888,0.366,0.27816,0.20984,0.2196
0.0732,-0.23668,0.40016,0.36356,0.32696,-0.12688,-0.04392,0.23912,0.366,0.28304,0.2196,0.22448
0.0732,-0.24156,0.40992,0.37332,0.33672,-0.13176,-0.0488,0.244,0.38064,0.28792,0.22936,0.2196
0.08296,-0.24888,0.4148,0.37332,0.33184,-0.12444,-0.03904,0.22936,0.37088,0.28792,0.22936,0.2196
0.08296,-0.24156,0.40016,0.35868,0.3172,-0.11712,-0.04392,0.21472,0.36112,0.27816,0.22936,0.22448
0.07808,-0.23668,0.39528,0.35624,0.3172,-0.11956,-0.0488,0.20008,0.35136,0.27816,0.2196,0.22448
0.07808,-0.22448,0.37088,0.33184,0.2928,-0.10736,-0.04392,0.18544,0.33672,0.26352,0.1952,0.20984
0.07808,-0.2196,0.36112,0.32208,0.28304,-0.10248,-0.05856,0.18056,0.3172,0.25864,0.19032,0.20496
0.07808,-0.21716,0.35624,0.3172,0.27816,-0.10004,-0.05856,0.16592,0.31232,0.25864,0.19032,0.1952
0.06832,-0.20252,0.33672,0.30256,0.2684,-0.10004,-0.05368,0.15616,0.30256,0.23912,0.17568,0.18544
0.07808,-0.20984,0.3416,0.30256,0.26352,-0.09272,-0.03904,0.15128,0.27328,0.21472,0.16592,0.17568
0.06832,-0.19276,0.3172,0.28304,0.24888,-0.09028,-0.04392,0.13664,0.25864,0.1952,0.14152,0.15128
0.05856,-0.17568,0.2928,0.26352,0.23424,-0.08784,-0.05368,0.13176,0.23424,0.18056,0.13176,0.15128
0.05368,-0.15616,0.25864,0.2318,0.20496,-0.07564,-0.05368,0.11712,0.20496,0.16104,0.11224,0.13176
0.0488,-0.13908,0.22936,0.20496,0.18056,-0.06588,-0.04392,0.11224,0.20008,0.13664,0.09272,0.11224
0.04392,-0.12688,0.20984,0.18788,0.16592,-0.061,-0.03416,0.0976,0.16592,0.11712,0.06832,0.08784
0.03416,-0.1098,0.18544,0.16836,0.15128,-0.05856,-0.03416,0.07808,0.13664,0.09272,0.04392,0.07808
0.03416,-0.0976,0.16104,0.14396,0.12688,-0.04636,-0.02928,0.05856,0.11712,0.07808,0.0244,0.05856
0.0244,-0.08052,0.13664,0.12444,0.11224,-0.04392,-0.02928,0.05368,0.0976,0.06344,0.01464,0.04392
0.00976,-0.06588,0.122,0.11712,0.11224,-0.05124,-0.02928,0.0488,0.07808,0.0488,0.00976,0.03416
0,-0.05368,0.10736,0.10736,0.10736,-0.05368,-0.01952,0.03416,0.05856,0.04392,-0.00488,0.02928
-0.00976,-0.04148,0.09272,0.0976,0.10248,-0.05612,-0.01464,0.0244,0.04392,0.02928,-0.00976,0.0244
0,-0.04392,0.08784,0.08784,0.08784,-0.04392,-0.01464,0.00488,0.01952,0.00976,-0.03416,0.01464
-0.00488,-0.03172,0.06832,0.07076,0.0732,-0.03904,-0.00976,0,0.00488,0,-0.03904,0.00488
-0.00488,-0.02928,0.06344,0.06588,0.06832,-0.0366,-0.0244,-0.00488,0,0,-0.03904,-0.01464
-0.00976,-0.02196,0.05368,0.05856,0.06344,-0.0366,-0.0244,-0.00488,-0.00976,-0.00976,-0.0488,-0.01464
-0.00976,-0.0244,0.05856,0.06344,0.06832,-0.03904,-0.01464,-0.01464,-0.01464,-0.0244,-0.0488,-0.00488
-0.01464,-0.01952,0.05368,0.061,0.06832,-0.04148,-0.01952,-0.0244,-0.0244,-0.0244,-0.05368,-0.00976
-0.01464,-0.0122,0.03904,0.04636,0.05368,-0.03416,-0.01952,-0.0244,-0.02928,-0.03904,-0.06832,-0.02928
-0.01952,-0.00732,0.03416,0.04392,0.05368,-0.0366,-0.02928,-0.03416,-0.03904,-0.03904,-0.0732,-0.02928
-0.01464,-0.01464,0.04392,0.05124,0.05856,-0.0366,-0.02928,-0.03416,-0.03416,-0.02928,-0.0732,-0.01952
-0.00976,-0.01464,0.03904,0.04392,0.0488,-0.02928,-0.01952,-0.02928,-0.03904,-0.02928,-0.05856,-0.01952
-0.01464,-0.0122,0.03904,0.04636,0.05368,-0.03416,-0.01464,-0.03904,-0.04392,-0.03904,-0.06832,-0.0244
-0.01464,-0.00976,0.03416,0.04148,0.0488,-0.03172,-0.01464,-0.04392,-0.0488,-0.03904,-0.06832,-0.02928
-0.01464,-0.00244,0.01952,0.02684,0.03416,-0.0244,-0.01464,-0.0488,-0.05368,-0.03904,-0.06832,-0.02928
-0.01464,0,0.01464,0.02196,0.02928,-0.02196,-0.01464,-0.04392,-0.05368,-0.04392,-0.0732,-0.02928
-0.00488,-0.00732,0.01952,0.02196,0.0244,-0.01464,-0.01464,-0.04392,-0.06344,-0.05856,-0.08784,-0.03904
-0.00976,-0.00244,0.01464,0.01952,0.0244,-0.01708,-0.01464,-0.0488,-0.06344,-0.05856,-0.08784,-0.03904
-0.01464,-0.00732,0.02928,0.0366,0.04392,-0.02928,-0.00976,-0.03416,-0.05856,-0.04392,-0.0732,-0.03904
-0.01464,-0.00244,0.01952,0.02684,0.03416,-0.0244,-0.01464,-0.03416,-0.05368,-0.05368,-0.08296,-0.02928
-0.01952,0.00488,0.00976,0.01952,0.02928,-0.0244,-0.0244,-0.04392,-0.05856,-0.05368,-0.08296,-0.03416
-0.01952,0.00244,0.01464,0.0244,0.03416,-0.02684,-0.01952,-0.03904,-0.06344,-0.05368,-0.08296,-0.03416
-0.0244,0.00976,0.00488,0.01708,0.02928,-0.02684,-0.01952,-0.02928,-0.05368,-0.06344,-0.08296,-0.03904
-0.01952,0.00488,0.00976,0.01952,0.02928,-0.0244,-0.0244,-0.02928,-0.05368,-0.06344,-0.08296,-0.03904
-0.0244,0.00732,0.00976,0.02196,0.03416,-0.02928,-0.01464,-0.02928,-0.05368,-0.05368,-0.0732,-0.02928
-0.0244,0.00976,0.00488,0.01708,0.02928,-0.02684,-0.00976,-0.02928,-0.05856,-0.05856,-0.0732,-0.02928
-0.0244,0.00244,0.01952,0.03172,0.04392,-0.03416,-0.01952,-0.02928,-0.05856,-0.05856,-0.08296,-0.03904
-0.0244,0.00244,0.01952,0.03172,0.04392,-0.03416,-0.00488,-0.02928,-0.05856,-0.05856,-0.07808,-0.03904
-0.0244,0,0.0244,0.0366,0.0488,-0.0366,-0.00488,-0.0244,-0.05368,-0.05368,-0.06344,-0.0244
-0.0244,0,0.0244,0.0366,0.0488,-0.0366,-0.01952,-0.0244,-0.0488,-0.05368,-0.06344,-0.0244
-0.0244,0,0.0244,0.0366,0.0488,-0.0366,-0.01464,-0.01952,-0.0488,-0.0488,-0.05856,-0.01464
-0.0244,0,0.0244,0.0366,0.0488,-0.0366,-0.01464,-0.01952,-0.0488,-0.03904,-0.05856,-0.01464
-0.00976,-0.00976,0.02928,0.03416,0.03904,-0.0244,-0.01464,-0.01952,-0.04392,-0.03416,-0.05856,-0.01952
-0.01952,-0.00488,0.02928,0.03904,0.0488,-0.03416,-0.01952,-0.01952,-0.04392,-0.03904,-0.06344,-0.01952
-0.01952,-0.00732,0.03416,0.04392,0.05368,-0.0366,-0.01464,-0.01952,-0.04392,-0.03904,-0.05856,-0.00488
-0.01464,-0.00976,0.03416,0.04148,0.0488,-0.03172,-0.01464,-0.01952,-0.04392,-0.0244,-0.06344,-0.00488
-0.00976,-0.01952,0.0488,0.05368,0.05856,-0.03416,-0.01464,-0.0244,-0.03904,-0.01952,-0.0488,-0.01464
-0.00488,-0.02196,0.0488,0.05124,0.05368,-0.02928,-0.01464,-0.0244,-0.03416,-0.02928,-0.0488,-0.00976
-0.01464,-0.0122,0.03904,0.04636,0.05368,-0.03416,-0.0244,-0.0244,-0.04392,-0.01952,-0.05368,-0.00976
-0.01952,-0.0122,0.04392,0.05368,0.06344,-0.04148,-0.02928,-0.02928,-0.04392,-0.02928,-0.0488,-0.00976
-0.01952,-0.01464,0.0488,0.05856,0.06832,-0.04392,-0.01952,-0.01464,-0.03416,-0.01952,-0.0488,-0.00488
-0.01464,-0.01952,0.05368,0.061,0.06832,-0.04148,-0.01464,-0.01952,-0.03416,-0.01952,-0.04392,-0.00488
-0.01464,-0.01708,0.0488,0.05612,0.06344,-0.03904,-0.01464,-0.02928,-0.03904,-0.01952,-0.04392,-0.00488
-0.01464,-0.01708,0.0488,0.05612,0.06344,-0.03904,-0.01464,-0.02928,-0.04392,-0.01952,-0.04392,-0.00488
-0.00488,-0.03172,0.06832,0.07076,0.0732,-0.03904,-0.00976,-0.01952,-0.02928,-0.01464,-0.04392,-0.00488
-0.00488,-0.03172,0.06832,0.07076,0.0732,-0.03904,-0.00976,-0.01952,-0.02928,-0.01464,-0.04392,0
0.00488,-0.04392,0.08296,0.08052,0.07808,-0.0366,-0.01464,-0.0244,-0.01464,-0.01952,-0.02928,0
0,-0.04148,0.08296,0.08296,0.08296,-0.04148,-0.0244,-0.02928,-0.01464,-0.01952,-0.02928,0
-0.00976,-0.0366,0.08296,0.08784,0.09272,-0.05124,-0.0244,-0.01952,-0.0244,-0.00976,-0.03904,-0.00488
-0.00976,-0.02928,0.06832,0.0732,0.07808,-0.04392,-0.02928,-0.01952,-0.0244,-0.00976,-0.03904,-0.00488
-0.00976,-0.0244,0.05856,0.06344,0.06832,-0.03904,-0.0244,-0.03416,-0.03416,-0.01464,-0.0488,-0.00976
-0.00488,-0.02684,0.05856,0.061,0.06344,-0.03416,-0.03416,-0.03416,-0.03416,-0.0244,-0.0488,-0.00976
-0.00488,-0.02928,0.06344,0.06588,0.06832,-0.0366,-0.0244,-0.03416,-0.03416,-0.02928,-0.03904,-0.00976
-0.00488,-0.02684,0.05856,0.061,0.06344,-0.03416,-0.02928,-0.03416,-0.03416,-0.02928,-0.03904,-0.00976
0.00488,-0.03172,0.05856,0.05612,0.05368,-0.0244,-0.01952,-0.0244,-0.03416,-0.03416,-0.03904,-0.00976
0.00488,-0.03172,0.05856,0.05612,0.05368,-0.0244,-0.01952,-0.0244,-0.03416,-0.03416,-0.03904,-0.00976
-0.00488,-0.02684,0.05856,0.061,0.06344,-0.03416,-0.02928,-0.0244,-0.02928,-0.0244,-0.03904,0
-0.00488,-0.02684,0.05856,0.061,0.06344,-0.03416,-0.0244,-0.0244,-0.0244,-0.0244,-0.04392,-0.00488
-0.00976,-0.0244,0.05856,0.06344,0.06832,-0.03904,-0.03416,-0.03904,-0.02928,-0.03416,-0.05368,-0.01464
-0.00488,-0.02684,0.05856,0.061,0.06344,-0.03416,-0.03904,-0.03904,-0.0488,-0.03904,-0.05856,-0.01464
0.00488,-0.03416,0.06344,0.061,0.05856,-0.02684,-0.03416,-0.03904,-0.03904,-0.02928,-0.05368,-0.01952
0.00488,-0.03416,0.06344,0.061,0.05856,-0.02684,-0.03416,-0.03904,-0.03904,-0.02928,-0.05368,-0.01464
-0.00488,-0.0244,0.05368,0.05612,0.05856,-0.03172,-0.03416,-0.04392,-0.04392,-0.03416,-0.05368,-0.0244
-0.00488,-0.02196,0.0488,0.05124,0.05368,-0.02928,-0.03416,-0.03904,-0.04392,-0.04392,-0.05368,-0.0244
-0.0244,-0.00488,0.03416,0.04636,0.05856,-0.04148,-0.02928,-0.04392,-0.04392,-0.0488,-0.06344,-0.02928
-0.0244,-0.00244,0.02928,0.04148,0.05368,-0.03904,-0.02928,-0.04392,-0.0488,-0.0488,-0.0732,-0.02928
-0.00976,-0.01952,0.0488,0.05368,0.05856,-0.03416,-0.01952,-0.04392,-0.0488,-0.03904,-0.05856,-0.01952
0.00488,-0.03172,0.05856,0.05612,0.05368,-0.0244,-0.01952,-0.04392,-0.0488,-0.04392,-0.06344,-0.0244
0.00488,-0.02928,0.05368,0.05124,0.0488,-0.02196,-0.01464,-0.03416,-0.04392,-0.04392,-0.06344,-0.01464
-0.00976,-0.02196,0.05368,0.05856,0.06344,-0.0366,-0.01464,-0.03416,-0.05368,-0.04392,-0.05856,-0.01464
0,-0.02684,0.05368,0.05368,0.05368,-0.02684,-0.01952,-0.04392,-0.06344,-0.05368,-0.06832,-0.0244
0,-0.02684,0.05368,0.05368,0.05368,-0.02684,-0.01464,-0.04392,-0.05856,-0.0488,-0.06344,-0.0244
-0.00488,-0.02196,0.0488,0.05124,0.05368,-0.02928,-0.02928,-0.05856,-0.05368,-0.04392,-0.06344,-0.0244
-0.00976,-0.01952,0.0488,0.05368,0.05856,-0.03416,-0.0244,-0.05856,-0.05368,-0.04392,-0.06344,-0.0244
-0.00976,-0.01708,0.04392,0.0488,0.05368,-0.03172,-0.03416,-0.05368,-0.06344,-0.05368,-0.06832,-0.0244
-0.00488,-0.02196,0.0488,0.05124,0.05368,-0.02928,-0.03904,-0.06344,-0.06344,-0.05368,-0.06832,-0.0244
-0.01464,-0.0122,0.03904,0.04636,0.05368,-0.03416,-0.03416,-0.0488,-0.05368,-0.05368,-0.07808,-0.0244
-0.00976,-0.0122,0.03416,0.03904,0.04392,-0.02684,-0.0244,-0.0488,-0.05856,-0.05856,-0.0732,-0.0244
-0.00976,-0.01708,0.04392,0.0488,0.05368,-0.03172,-0.02928,-0.0488,-0.05856,-0.04392,-0.0732,-0.0244
-0.01464,-0.01464,0.04392,0.05124,0.05856,-0.0366,-0.02928,-0.0488,-0.05856,-0.05368,-0.0732,-0.02928
-0.00976,-0.01952,0.0488,0.05368,0.05856,-0.03416,-0.01464,-0.0488,-0.05856,-0.05856,-0.0732,-0.02928
-0.00488,-0.02196,0.0488,0.05124,0.05368,-0.02928,-0.01464,-0.0488,-0.05856,-0.05368,-0.06344,-0.0244
-0.01952,-0.01464,0.0488,0.05856,0.06832,-0.04392,-0.0244,-0.04392,-0.06832,-0.0488,-0.06832,-0.02928
-0.01952,-0.0122,0.04392,0.05368,0.06344,-0.04148,-0.02928,-0.0488,-0.06832,-0.0488,-0.06832,-0.02928
-0.01952,-0.0122,0.04392,0.05368,0.06344,-0.04148,-0.02928,-0.0488,-0.05368,-0.05368,-0.06832,-0.03904
-0.00976,-0.0122,0.03416,0.03904,0.04392,-0.02684,-0.03904,-0.0488,-0.05856,-0.05856,-0.07808,-0.03904
-0.01952,-0.00976,0.03904,0.0488,0.05856,-0.03904,-0.0488,-0.0488,-0.06832,-0.05856,-0.07808,-0.02928
-0.00976,-0.01952,0.0488,0.05368,0.05856,-0.03416,-0.03904,-0.0488,-0.05856,-0.0488,-0.06832,-0.02928
-0.00976,-0.01952,0.0488,0.05368,0.05856,-0.03416,-0.02928,-0.0488,-0.05856,-0.0488,-0.06832,-0.02928
-0.00976,-0.02928,0.06832,0.0732,0.07808,-0.04392,-0.01952,-0.03416,-0.03904,-0.04392,-0.05368,-0.00976
-0.00488,-0.04392,0.09272,0.09516,0.0976,-0.05124,-0.00976,-0.02928,-0.0244,-0.03416,-0.0488,0.00488
-0.00488,-0.04148,0.08784,0.09028,0.09272,-0.0488,-0.01464,-0.03416,-0.03416,-0.03416,-0.04392,-0.00488
-0.00488,-0.0488,0.10248,0.10492,0.10736,-0.05612,-0.0244,-0.04392,-0.0244,-0.02928,-0.03904,-0.00488
-0.00488,-0.05368,0.11224,0.11468,0.11712,-0.061,-0.02928,-0.02928,-0.01952,-0.01952,-0.03904,0
-0.00488,-0.05368,0.11224,0.11468,0.11712,-0.061,-0.0244,-0.02928,-0.01952,-0.02928,-0.03904,-0.00976
-0.00976,-0.03904,0.08784,0.09272,0.0976,-0.05368,-0.01464,-0.0244,-0.03416,-0.03416,-0.0488,-0.01464
-0.00976,-0.04148,0.09272,0.0976,0.10248,-0.05612,-0.01464,-0.0244,-0.03904,-0.03416,-0.0488,-0.01464
-0.00976,-0.05124,0.11224,0.11712,0.122,-0.06588,-0.01952,-0.02928,-0.01952,-0.00976,-0.02928,0
-0.00488,-0.06588,0.13664,0.13908,0.14152,-0.0732,-0.0244,-0.02928,0,-0.00488,-0.01952,0.01952
-0.00488,-0.07076,0.1464,0.14884,0.15128,-0.07808,-0.05856,-0.05856,-0.00488,-0.01464,-0.00976,0.0244
0.00976,-0.0854,0.16104,0.15616,0.15128,-0.07076,-0.06832,-0.06344,0,0.00976,0,0.02928
0.0244,-0.09516,0.16592,0.15372,0.14152,-0.05856,-0.0732,-0.06832,-0.01464,0,-0.00976,0.02928
0.03416,-0.10004,0.16592,0.14884,0.13176,-0.0488,-0.07808,-0.06832,-0.00976,0,-0.00488,0.03416
0.02928,-0.09516,0.16104,0.1464,0.13176,-0.05124,-0.07808,-0.06832,-0.00976,0,0,0.02928
0.0244,-0.09516,0.16592,0.15372,0.14152,-0.05856,-0.07808,-0.0732,-0.00976,0,0,0.02928
0.0244,-0.0976,0.1708,0.1586,0.1464,-0.061,-0.08296,-0.06832,-0.0244,-0.00488,-0.00488,0.0244
0.0244,-0.0854,0.1464,0.1342,0.122,-0.0488,-0.08296,-0.0732,-0.03416,-0.01464,-0.00976,0.01952
0.03904,-0.08296,0.12688,0.10736,0.08784,-0.0244,-0.06832,-0.0732,-0.03904,-0.02928,-0.0244,0.00976
0.03416,-0.07564,0.11712,0.10004,0.08296,-0.0244,-0.06832,-0.0732,-0.04392,-0.03416,-0.02928,0
0.01952,-0.05368,0.08784,0.07808,0.06832,-0.0244,-0.0488,-0.0732,-0.0488,-0.03416,-0.04392,-0.00488
0.01464,-0.03904,0.06344,0.05612,0.0488,-0.01708,-0.0488,-0.0732,-0.05856,-0.04392,-0.04392,-0.01952
0.00976,-0.04148,0.0732,0.06832,0.06344,-0.02684,-0.04392,-0.05856,-0.0488,-0.0488,-0.0488,-0.01952
0,-0.03172,0.06344,0.06344,0.06344,-0.03172,-0.03904,-0.06344,-0.05856,-0.05856,-0.05856,-0.02928
-0.01952,-0.00976,0.03904,0.0488,0.05856,-0.03904,-0.04392,-0.06344,-0.0732,-0.06832,-0.0732,-0.0488
-0.0244,-0.00732,0.03904,0.05124,0.06344,-0.04392,-0.03904,-0.06344,-0.0732,-0.05856,-0.06344,-0.0488
-0.02928,-0.00244,0.03416,0.0488,0.06344,-0.04636,-0.03416,-0.0732,-0.08784,-0.0732,-0.0732,-0.0488
-0.02928,0.00244,0.0244,0.03904,0.05368,-0.04148,-0.04392,-0.0732,-0.0976,-0.07808,-0.08784,-0.05856
-0.03416,0.00976,0.01464,0.03172,0.0488,-0.04148,-0.04392,-0.07808,-0.10248,-0.08784,-0.08296,-0.05856
-0.02928,0.00732,0.01464,0.02928,0.04392,-0.0366,-0.03416,-0.07808,-0.0976,-0.08296,-0.08296,-0.05856
-0.0244,0.00244,0.01952,0.03172,0.04392,-0.03416,-0.03416,-0.07808,-0.0976,-0.08784,-0.09272,-0.06832
-0.01952,0,0.01952,0.02928,0.03904,-0.02928,-0.03904,-0.07808,-0.0976,-0.08784,-0.09272,-0.06832
-0.01952,0.00244,0.01464,0.0244,0.03416,-0.02684,-0.03416,-0.07808,-0.0976,-0.08296,-0.08784,-0.06344
-0.0244,0.0122,0,0.0122,0.0244,-0.0244,-0.03416,-0.07808,-0.0976,-0.08296,-0.08784,-0.06344
-0.0244,0.00732,0.00976,0.02196,0.03416,-0.02928,-0.03416,-0.07808,-0.0976,-0.09272,-0.10248,-0.0732
-0.0244,0.00732,0.00976,0.02196,0.03416,-0.02928,-0.03416,-0.07808,-0.0976,-0.09272,-0.10248,-0.0732
-0.01952,0,0.01952,0.02928,0.03904,-0.02928,-0.02928,-0.05856,-0.09272,-0.09272,-0.0976,-0.0732
-0.0732,0.03416,0.00488,0.04148,0.07808,-0.07564,0.00976,0.00976,-0.03416,-0.05368,-0.0732,-0.05856
-0.0244,-0.02196,0.06832,0.08052,0.09272,-0.05856,0.05368,0.08784,0.0488,-0.01952,-0.0488,-0.03904
-0.01464,-0.05612,0.12688,0.1342,0.14152,-0.07808,0.03416,0.13664,0.14152,0.07808,0.0244,0.00488
0.04392,-0.11224,0.18056,0.1586,0.13664,-0.04636,0.03904,0.22936,0.2928,0.1952,0.10736,0.06344
0.07808,-0.183,0.28792,0.24888,0.20984,-0.06588,0.0244,0.25864,0.4392,0.32696,0.2196,0.13664
0.15128,-0.25376,0.35624,0.2806,0.20496,-0.02684,-0.08784,0.16104,0.5612,0.42944,0.3172,0.20496
0.22936,-0.35624,0.48312,0.36844,0.25376,-0.0122,-0.20008,0.01464,0.67344,0.5612,0.4392,0.30256
0.31232,-0.4148,0.51728,0.36112,0.20496,0.05368,-0.35136,-0.25376,0.5612,0.52704,0.4392,0.32696
0.31232,-0.38552,0.45872,0.30256,0.1464,0.08296,-0.488,-0.58072,0.24888,0.33184,0.34648,0.30256
0.20984,-0.20496,0.20008,0.09516,-0.00976,0.1098,-0.4636,-0.79544,-0.22936,-0.03904,0.06832,0.13176
-0.04392,0.061,-0.07808,-0.05612,-0.03416,-0.00488,-0.42944,-1.05408,-0.74664,-0.38064,-0.1952,-0.03904
-0.10736,0.183,-0.25864,-0.20496,-0.15128,0.02196,-0.40504,-1.20536,-1.08336,-0.5856,-0.36112,-0.16592
-0.15616,0.244,-0.33184,-0.25376,-0.17568,0.00976,-0.47336,-1.27856,-1.16632,-0.6344,-0.39528,-0.18544
-0.122,0.25132,-0.38064,-0.31964,-0.25864,0.06832,-0.50752,-1.1956,-1.14192,-0.6588,-0.42944,-0.23424
-0.09272,0.21228,-0.33184,-0.28548,-0.23912,0.0732,-0.44896,-0.99064,-0.99552,-0.5856,-0.40016,-0.22448
-0.08784,0.15616,-0.22448,-0.18056,-0.13664,0.0244,-0.3172,-0.7076,-0.73688,-0.43432,-0.29768,-0.15616
-0.0732,0.09028,-0.10736,-0.07076,-0.03416,-0.01952,-0.25376,-0.55144,-0.53192,-0.30744,-0.20984,-0.0976
-0.06344,0.07076,-0.07808,-0.04636,-0.01464,-0.0244,-0.22448,-0.4636,-0.48312,-0.28792,-0.20008,-0.0976
-0.06832,0.06832,-0.06832,-0.03416,0,-0.03416,-0.17568,-0.3416,-0.39528,-0.25864,-0.18544,-0.09272
-0.05856,0.0488,-0.03904,-0.00976,0.01952,-0.03904,-0.122,-0.244,-0.30256,-0.20496,-0.16592,-0.08296
-0.05368,0.02928,-0.00488,0.02196,0.0488,-0.05124,-0.06344,-0.16592,-0.1952,-0.12688,-0.11224,-0.06832
-0.0488,0.00976,0.02928,0.05368,0.07808,-0.06344,-0.0488,-0.122,-0.15616,-0.10248,-0.08784,-0.0488
-0.03904,0,0.03904,0.05856,0.07808,-0.05856,-0.04392,-0.08784,-0.15128,-0.10248,-0.0976,-0.05856
-0.03904,0.00244,0.03416,0.05368,0.0732,-0.05612,-0.03416,-0.06344,-0.12688,-0.10736,-0.0976,-0.06832
-0.03416,0,0.03416,0.05124,0.06832,-0.05124,-0.00976,-0.0244,-0.08296,-0.08784,-0.09272,-0.05856
-0.03416,0,0.03416,0.05124,0.06832,-0.05124,-0.00488,-0.0244,-0.07808,-0.08296,-0.08784,-0.05856
-0.02928,-0.00244,0.03416,0.0488,0.06344,-0.04636,0,-0.01952,-0.09272,-0.09272,-0.08784,-0.05856
-0.02928,-0.00244,0.03416,0.0488,0.06344,-0.04636,0.00488,-0.00976,-0.08784,-0.09272,-0.08784,-0.05856
-0.0244,-0.00488,0.03416,0.04636,0.05856,-0.04148,0.00488,0,-0.05856,-0.07808,-0.08296,-0.05368
-0.01952,-0.00976,0.03904,0.0488,0.05856,-0.03904,0.00976,0.00488,-0.05856,-0.07808,-0.08296,-0.05856
-0.02928,-0.0122,0.05368,0.06832,0.08296,-0.05612,0.00976,0.01464,-0.06832,-0.0732,-0.07808,-0.05368
-0.02928,-0.0122,0.05368,0.06832,0.08296,-0.05612,0.01464,0.01464,-0.06832,-0.06832,-0.07808,-0.05368
-0.02928,-0.00732,0.04392,0.05856,0.0732,-0.05124,0.00488,0.00976,-0.0488,-0.06832,-0.07808,-0.06344
-0.0244,-0.0122,0.0488,0.061,0.0732,-0.0488,0.00488,0.01464,-0.0488,-0.06832,-0.07808,-0.05368
-0.01464,-0.01708,0.0488,0.05612,0.06344,-0.03904,0.01464,0.01464,-0.0488,-0.05856,-0.08296,-0.0488
-0.01464,-0.01708,0.0488,0.05612,0.06344,-0.03904,0.01464,0.01952,-0.05368,-0.06344,-0.07808,-0.0488
-0.01464,-0.01464,0.04392,0.05124,0.05856,-0.0366,0.0244,0.03416,-0.05368,-0.05856,-0.07808,-0.05856
-0.01952,-0.0122,0.04392,0.05368,0.06344,-0.04148,0.0244,0.03904,-0.03416,-0.05368,-0.07808,-0.05856
-0.01464,-0.02684,0.06832,0.07564,0.08296,-0.0488,0.0244,0.03416,-0.02928,-0.04392,-0.0732,-0.04392
-0.01464,-0.02196,0.05856,0.06588,0.0732,-0.04392,0.01464,0.03416,-0.02928,-0.04392,-0.0732,-0.04392
-0.0244,-0.02196,0.06832,0.08052,0.09272,-0.05856,0.00976,0.02928,-0.02928,-0.03904,-0.06344,-0.04392
-0.01952,-0.02928,0.07808,0.08784,0.0976,-0.05856,0.00976,0.03416,-0.02928,-0.03904,-0.06344,-0.04392
-0.00976,-0.03172,0.0732,0.07808,0.08296,-0.04636,0.01464,0.03416,-0.0244,-0.03416,-0.05856,-0.04392
-0.00976,-0.02928,0.06832,0.0732,0.07808,-0.04392,0.01464,0.04392,-0.01952,-0.0244,-0.05856,-0.03904
-0.00976,-0.03416,0.07808,0.08296,0.08784,-0.0488,0.01952,0.04392,-0.02928,-0.03416,-0.06344,-0.03904
-0.00976,-0.02928,0.06832,0.0732,0.07808,-0.04392,0.01952,0.0488,-0.01952,-0.03416,-0.06344,-0.03416
-0.01464,-0.03416,0.08296,0.09028,0.0976,-0.05612,0.0244,0.06344,-0.00976,-0.02928,-0.0488,-0.02928
-0.00976,-0.03904,0.08784,0.09272,0.0976,-0.05368,0.0244,0.0732,0.00488,-0.02928,-0.0488,-0.02928
-0.00976,-0.0488,0.10736,0.11224,0.11712,-0.06344,0.0244,0.0732,0.00488,-0.01464,-0.0488,-0.0244
-0.00976,-0.04636,0.10248,0.10736,0.11224,-0.061,0.0244,0.08296,0.01952,-0.00976,-0.0488,-0.0244
-0.00488,-0.05612,0.11712,0.11956,0.122,-0.06344,0.0244,0.09272,0.03904,-0.00488,-0.05368,-0.01464
0.01464,-0.06588,0.11712,0.1098,0.10248,-0.04392,0.0244,0.0976,0.04392,0.00976,-0.04392,-0.00976
0.00976,-0.06832,0.12688,0.122,0.11712,-0.05368,0.01464,0.10248,0.0488,0.0244,-0.04392,-0.00488
0.00976,-0.07564,0.14152,0.13664,0.13176,-0.061,0.01952,0.11712,0.05856,0.03416,-0.03416,0
0.01464,-0.08296,0.15128,0.14396,0.13664,-0.061,0.01952,0.13664,0.0732,0.04392,-0.01464,0.00976
0.01952,-0.08784,0.15616,0.1464,0.13664,-0.05856,0.01952,0.15128,0.08784,0.04392,-0.00488,0.0244
0.00976,-0.09028,0.1708,0.16592,0.16104,-0.07564,0.01952,0.16592,0.0976,0.06344,0.00488,0.03416
0.01952,-0.10248,0.18544,0.17568,0.16592,-0.0732,0.01952,0.17568,0.122,0.0732,0.00976,0.03416
0.03904,-0.122,0.20496,0.18544,0.16592,-0.06344,0.02928,0.19032,0.15128,0.0976,0.03904,0.0488
0.03904,-0.1342,0.22936,0.20984,0.19032,-0.07564,0.02928,0.20496,0.17568,0.122,0.0488,0.06344
0.03416,-0.14152,0.24888,0.2318,0.21472,-0.09028,0.01952,0.2196,0.1952,0.13664,0.05856,0.06832
0.03904,-0.1586,0.27816,0.25864,0.23912,-0.10004,0.01952,0.23424,0.22448,0.15128,0.08296,0.09272
0.06344,-0.19276,0.32208,0.29036,0.25864,-0.0976,0.01464,0.23424,0.23912,0.19032,0.122,0.10736
0.05856,-0.1952,0.33184,0.30256,0.27328,-0.10736,-0.00488,0.244,0.26352,0.20984,0.13176,0.13664
0.05856,-0.20984,0.36112,0.33184,0.30256,-0.122,-0.01464,0.25864,0.30256,0.22448,0.15616,0.15616
0.06344,-0.22204,0.38064,0.34892,0.3172,-0.12688,-0.0244,0.26352,0.32208,0.244,0.1708,0.17568
0.06832,-0.2318,0.39528,0.36112,0.32696,-0.12932,-0.0244,0.26352,0.32208,0.26352,0.17568,0.18056
0.06832,-0.23912,0.40992,0.37576,0.3416,-0.13664,-0.01952,0.25864,0.34648,0.28304,0.1952,0.18544
0.07808,-0.24888,0.41968,0.38064,0.3416,-0.13176,-0.03416,0.23912,0.35624,0.29768,0.20008,0.20008
0.08296,-0.26108,0.4392,0.39772,0.35624,-0.13664,-0.04392,0.22936,0.35624,0.30256,0.20984,0.20496
0.07808,-0.25376,0.42944,0.3904,0.35136,-0.13664,-0.05368,0.22448,0.36112,0.29768,0.20984,0.20984
0.07808,-0.2562,0.43432,0.39528,0.35624,-0.13908,-0.05368,0.20984,0.35136,0.29768,0.20984,0.20984
0.09272,-0.25864,0.42456,0.3782,0.33184,-0.11956,-0.05856,0.20496,0.33672,0.29768,0.20496,0.20496
0.08784,-0.25864,0.42944,0.38552,0.3416,-0.12688,-0.05368,0.19032,0.33672,0.29768,0.20496,0.20496
0.08296,-0.24644,0.40992,0.36844,0.32696,-0.122,-0.05368,0.18544,0.32696,0.27328,0.1952,0.20008
0.0732,-0.23668,0.40016,0.36356,0.32696,-0.12688,-0.06832,0.18056,0.30744,0.2684,0.19032,0.1952
0.06832,-0.22936,0.3904,0.35624,0.32208,-0.12688,-0.06832,0.15616,0.30256,0.2684,0.18056,0.18544
0.05856,-0.20984,0.36112,0.33184,0.30256,-0.122,-0.06344,0.1464,0.2928,0.24888,0.16592,0.17568
0.06832,-0.20984,0.35136,0.3172,0.28304,-0.10736,-0.0488,0.15128,0.2684,0.23424,0.15616,0.16592
0.05856,-0.19276,0.32696,0.29768,0.2684,-0.10492,-0.05368,0.13664,0.244,0.21472,0.13176,0.14152
0.05856,-0.18788,0.3172,0.28792,0.25864,-0.10004,-0.06344,0.122,0.22448,0.20984,0.13176,0.14152
0.05368,-0.17324,0.2928,0.26596,0.23912,-0.09272,-0.06344,0.10736,0.1952,0.19032,0.11224,0.122
0.0488,-0.15616,0.26352,0.23912,0.21472,-0.08296,-0.0488,0.10248,0.19032,0.16592,0.09272,0.11224
0.04392,-0.13908,0.23424,0.21228,0.19032,-0.0732,-0.0488,0.08784,0.15616,0.1464,0.06832,0.08784
0.03416,-0.122,0.20984,0.19276,0.17568,-0.07076,-0.04392,0.06832,0.13664,0.11224,0.05368,0.06832
0.03416,-0.11468,0.1952,0.17812,0.16104,-0.06344,-0.03904,0.0488,0.11712,0.0976,0.03416,0.0488
0.01464,-0.09272,0.1708,0.16348,0.15616,-0.07076,-0.01952,0.04392,0.0976,0.0732,0.01464,0.04392
0,-0.0732,0.1464,0.1464,0.1464,-0.0732,-0.01952,0.03904,0.07808,0.05856,0.00976,0.03416
-0.00488,-0.06344,0.13176,0.1342,0.13664,-0.07076,-0.02928,0.01464,0.0488,0.05368,-0.00488,0.01952
-0.00488,-0.061,0.12688,0.12932,0.13176,-0.06832,-0.0244,0.00488,0.03416,0.03904,-0.00976,0.01464
-0.00976,-0.05368,0.11712,0.122,0.12688,-0.06832,-0.03416,-0.00488,0.01952,0.02928,-0.0244,0.01464
-0.01464,-0.04148,0.0976,0.10492,0.11224,-0.06344,-0.02928,-0.00976,0.00488,0.01952,-0.02928,0.00488
-0.00488,-0.04392,0.09272,0.09516,0.0976,-0.05124,-0.03416,-0.0244,-0.00976,0.00976,-0.03904,-0.01464
-0.00976,-0.0366,0.08296,0.08784,0.09272,-0.05124,-0.03416,-0.0244,-0.01952,0,-0.0488,-0.01464
-0.00976,-0.02684,0.06344,0.06832,0.0732,-0.04148,-0.0244,-0.03416,-0.0244,-0.01464,-0.0488,-0.01464
-0.01464,-0.01708,0.0488,0.05612,0.06344,-0.03904,-0.02928,-0.04392,-0.03416,-0.01464,-0.05368,-0.01952
-0.0244,-0.01464,0.05368,0.06588,0.07808,-0.05124,-0.0244,-0.03416,-0.03416,-0.0244,-0.0488,-0.01952
-0.02928,-0.01464,0.05856,0.0732,0.08784,-0.05856,-0.0244,-0.04392,-0.03416,-0.01464,-0.05368,-0.01952
-0.0244,-0.01464,0.05368,0.06588,0.07808,-0.05124,-0.03416,-0.05368,-0.02928,-0.01952,-0.05856,-0.02928
-0.01952,-0.01464,0.0488,0.05856,0.06832,-0.04392,-0.03416,-0.0488,-0.04392,-0.01952,-0.05368,-0.02928
-0.01464,-0.02196,0.05856,0.06588,0.0732,-0.04392,-0.03416,-0.0488,-0.05368,-0.02928,-0.06832,-0.03416
-0.01464,-0.01952,0.05368,0.061,0.06832,-0.04148,-0.03416,-0.05368,-0.05856,-0.02928,-0.06832,-0.03904
-0.01464,-0.01708,0.0488,0.05612,0.06344,-0.03904,-0.03416,-0.0488,-0.05368,-0.02928,-0.05856,-0.03904
-0.01464,-0.01464,0.04392,0.05124,0.05856,-0.0366,-0.03416,-0.04392,-0.05368,-0.03416,-0.06344,-0.03904
-0.0244,-0.00732,0.03904,0.05124,0.06344,-0.04392,-0.03416,-0.04392,-0.05856,-0.03904,-0.06832,-0.03904
-0.02928,-0.00244,0.03416,0.0488,0.06344,-0.04636,-0.03416,-0.0488,-0.06832,-0.03904,-0.06832,-0.03904
-0.01464,-0.0122,0.03904,0.04636,0.05368,-0.03416,-0.01952,-0.04392,-0.06344,-0.03416,-0.06344,-0.03416
-0.01464,-0.00732,0.02928,0.0366,0.04392,-0.02928,-0.0244,-0.04392,-0.06832,-0.04392,-0.0732,-0.03416
-0.00976,-0.00488,0.01952,0.0244,0.02928,-0.01952,-0.0244,-0.04392,-0.06832,-0.04392,-0.0732,-0.03904
-0.00976,-0.00732,0.0244,0.02928,0.03416,-0.02196,-0.01952,-0.03904,-0.0732,-0.04392,-0.0732,-0.0488
-0.01952,0.00244,0.01464,0.0244,0.03416,-0.02684,-0.02928,-0.03904,-0.0732,-0.04392,-0.0732,-0.05368
-0.0244,0.00244,0.01952,0.03172,0.04392,-0.03416,-0.03416,-0.03904,-0.0732,-0.04392,-0.0732,-0.04392
-0.01952,-0.00244,0.0244,0.03416,0.04392,-0.03172,-0.03416,-0.02928,-0.06344,-0.04392,-0.06344,-0.0488
-0.00976,-0.00976,0.02928,0.03416,0.03904,-0.0244,-0.02928,-0.02928,-0.06832,-0.0488,-0.06344,-0.0488
-0.00976,-0.01464,0.03904,0.04392,0.0488,-0.02928,-0.03416,-0.02928,-0.06832,-0.03904,-0.0732,-0.03904
-0.01952,-0.00976,0.03904,0.0488,0.05856,-0.03904,-0.00976,-0.02928,-0.06832,-0.03904,-0.06832,-0.03904
-0.0244,-0.00488,0.03416,0.04636,0.05856,-0.04148,-0.00976,-0.0244,-0.06344,-0.04392,-0.06344,-0.03416
-0.0244,-0.00488,0.03416,0.04636,0.05856,-0.04148,-0.01464,-0.0244,-0.05856,-0.04392,-0.06344,-0.03416
-0.0244,-0.00488,0.03416,0.04636,0.05856,-0.04148,-0.0244,-0.02928,-0.05856,-0.03416,-0.05856,-0.03416
-0.0244,-0.00488,0.03416,0.04636,0.05856,-0.04148,-0.0244,-0.02928,-0.05856,-0.03416,-0.05856,-0.03416
-0.00976,-0.01708,0.04392,0.0488,0.05368,-0.03172,-0.01952,-0.01952,-0.05368,-0.02928,-0.0488,-0.01952
-0.01952,-0.01708,0.05368,0.06344,0.0732,-0.04636,-0.01464,-0.01952,-0.05368,-0.0244,-0.05368,-0.01952
-0.01952,-0.01708,0.05368,0.06344,0.0732,-0.04636,-0.00976,-0.01952,-0.04392,-0.01464,-0.03904,-0.0244
-0.01464,-0.01952,0.05368,0.061,0.06832,-0.04148,-0.01952,-0.01952,-0.04392,-0.00976,-0.04392,-0.0244
-0.01952,-0.01464,0.0488,0.05856,0.06832,-0.04392,-0.0244,-0.0244,-0.0488,-0.01952,-0.0488,-0.0244
-0.01464,-0.01708,0.0488,0.05612,0.06344,-0.03904,-0.0244,-0.0244,-0.04392,-0.02928,-0.0488,-0.01952
-0.01464,-0.0122,0.03904,0.04636,0.05368,-0.03416,-0.0244,-0.0244,-0.04392,-0.01464,-0.04392,-0.01952
-0.01952,-0.0122,0.04392,0.05368,0.06344,-0.04148,-0.02928,-0.02928,-0.04392,-0.01464,-0.03904,-0.01952
-0.00976,-0.02196,0.05368,0.05856,0.06344,-0.0366,-0.01952,-0.01464,-0.04392,0,-0.03904,-0.00488
-0.00488,-0.03172,0.06832,0.07076,0.0732,-0.03904,-0.01464,-0.01952,-0.04392,0,-0.03416,-0.00488
0.00488,-0.03172,0.05856,0.05612,0.05368,-0.0244,-0.0244,-0.02928,-0.02928,0,-0.03416,-0.01464
0.00488,-0.03172,0.05856,0.05612,0.05368,-0.0244,-0.0244,-0.02928,-0.03416,0,-0.03416,-0.01464
-0.00488,-0.02684,0.05856,0.061,0.06344,-0.03416,-0.02928,-0.02928,-0.03904,0.00488,-0.0244,-0.01464
-0.00488,-0.02684,0.05856,0.061,0.06344,-0.03416,-0.02928,-0.02928,-0.03904,0.00488,-0.0244,-0.00976
0.00976,-0.0366,0.06344,0.05856,0.05368,-0.02196,-0.02928,-0.01464,-0.0244,0.00976,-0.02928,0
0.01464,-0.03904,0.06344,0.05612,0.0488,-0.01708,-0.02928,-0.01952,-0.0244,0.00976,-0.02928,0
0.00488,-0.03172,0.05856,0.05612,0.05368,-0.0244,-0.02928,-0.02928,-0.03416,0.00976,-0.01952,-0.00488
-0.00488,-0.0244,0.05368,0.05612,0.05856,-0.03172,-0.04392,-0.02928,-0.03416,0.00976,-0.01952,-0.00488
0,-0.02684,0.05368,0.05368,0.05368,-0.02684,-0.02928,-0.0244,-0.03416,0,-0.01952,-0.00976
0.00488,-0.03416,0.06344,0.061,0.05856,-0.02684,-0.02928,-0.0244,-0.03416,0,-0.01952,-0.00976
0.01464,-0.03904,0.06344,0.05612,0.0488,-0.01708,-0.03416,-0.03416,-0.03416,0,-0.01952,-0.00976
0.01464,-0.0366,0.05856,0.05124,0.04392,-0.01464,-0.03904,-0.03416,-0.03416,0,-0.01952,-0.00976
0.00488,-0.02684,0.0488,0.04636,0.04392,-0.01952,-0.03416,-0.03416,-0.04392,-0.00488,-0.02928,-0.00976
0.00488,-0.02684,0.0488,0.04636,0.04392,-0.01952,-0.0244,-0.03416,-0.04392,-0.00488,-0.02928,-0.00976
0.00488,-0.02196,0.03904,0.0366,0.03416,-0.01464,-0.00976,-0.03416,-0.03904,-0.00488,-0.01952,-0.00976
0.00488,-0.02196,0.03904,0.0366,0.03416,-0.01464,-0.00488,-0.03416,-0.03416,-0.00488,-0.0244,-0.01464
-0.00976,-0.0122,0.03416,0.03904,0.04392,-0.02684,-0.01952,-0.02928,-0.03416,-0.00488,-0.03416,-0.01464
-0.00488,-0.00976,0.0244,0.02684,0.02928,-0.01708,-0.03416,-0.02928,-0.04392,-0.00976,-0.03904,-0.01464
-0.00488,-0.0122,0.02928,0.03172,0.03416,-0.01952,-0.0244,-0.03904,-0.03904,-0.00976,-0.0244,-0.01952
-0.00488,-0.01708,0.03904,0.04148,0.04392,-0.0244,-0.0244,-0.03904,-0.03904,-0.00976,-0.0244,-0.01464
0.00488,-0.01952,0.03416,0.03172,0.02928,-0.0122,-0.0244,-0.03416,-0.03416,0,-0.0244,-0.0244
0.00488,-0.01708,0.02928,0.02684,0.0244,-0.00976,-0.0244,-0.02928,-0.03416,0,-0.0244,-0.0244
-0.00488,-0.00976,0.0244,0.02684,0.02928,-0.01708,-0.01952,-0.03416,-0.04392,-0.00976,-0.0244,-0.01952
-0.00488,-0.00732,0.01952,0.02196,0.0244,-0.01464,-0.01952,-0.03416,-0.0488,-0.00976,-0.03416,-0.01952
-0.01464,-0.00488,0.0244,0.03172,0.03904,-0.02684,-0.01952,-0.04392,-0.0488,-0.00976,-0.03904,-0.00976
-0.00976,-0.00732,0.0244,0.02928,0.03416,-0.02196,-0.01952,-0.04392,-0.0488,-0.01464,-0.04392,-0.01464
0,-0.00732,0.01464,0.01464,0.01464,-0.00732,-0.01952,-0.03416,-0.04392,-0.0244,-0.04392,-0.01952
-0.00488,-0.00488,0.01464,0.01708,0.01952,-0.0122,-0.02928,-0.03416,-0.05368,-0.0244,-0.03904,-0.02928
0.00976,-0.01464,0.01952,0.01464,0.00976,0,-0.03416,-0.03416,-0.04392,-0.01464,-0.03904,-0.02928
0.00976,-0.01952,0.02928,0.0244,0.01952,-0.00488,-0.01952,-0.03416,-0.03904,-0.00976,-0.03416,-0.01952
0.00488,-0.01708,0.02928,0.02684,0.0244,-0.00976,-0.01952,-0.02928,-0.04392,-0.01464,-0.03416,-0.01464
0,-0.01464,0.02928,0.02928,0.02928,-0.01464,-0.01464,-0.02928,-0.04392,-0.01464,-0.03416,-0.01464
-0.00976,-0.00244,0.01464,0.01952,0.0244,-0.01708,-0.0244,-0.0244,-0.04392,-0.01464,-0.03904,-0.0244
-0.00488,-0.00732,0.01952,0.02196,0.0244,-0.01464,-0.02928,-0.03416,-0.04392,-0.01464,-0.03904,-0.0244
-0.00488,-0.00732,0.01952,0.02196,0.0244,-0.01464,-0.0244,-0.03904,-0.05368,-0.01464,-0.0488,-0.03416
0,-0.00732,0.01464,0.01464,0.01464,-0.00732,-0.01464,-0.03904,-0.05856,-0.01952,-0.04392,-0.03416
0,-0.00244,0.00488,0.00488,0.00488,-0.00244,-0.00976,-0.03904,-0.0488,-0.01464,-0.04392,-0.0244
-0.00488,0,0.00488,0.00732,0.00976,-0.00732,-0.00976,-0.03904,-0.0488,-0.0244,-0.04392,-0.02928
0,-0.00488,0.00976,0.00976,0.00976,-0.00488,-0.01464,-0.02928,-0.0488,-0.01952,-0.03904,-0.02928
0.00488,-0.00732,0.00976,0.00732,0.00488,0,-0.01464,-0.02928,-0.0488,-0.01464,-0.03904,-0.0244
-0.00976,0,0.00976,0.01464,0.01952,-0.01464,-0.01464,-0.03416,-0.05856,-0.01952,-0.03904,-0.02928
-0.00976,0.00244,0.00488,0.00976,0.01464,-0.0122,-0.01952,-0.03904,-0.05856,-0.01952,-0.03904,-0.02928
0,-0.00244,0.00488,0.00488,0.00488,-0.00244,-0.00976,-0.03904,-0.04392,-0.01464,-0.03904,-0.02928
0,0.00244,-0.00488,-0.00488,-0.00488,0.00244,-0.00976,-0.03904,-0.0488,-0.01952,-0.03904,-0.02928
0.00976,-0.00488,0,-0.00488,-0.00976,0.00976,-0.00488,-0.03904,-0.05856,-0.02928,-0.0488,-0.03904
0.00488,-0.00488,0.00488,0.00244,0,0.00244,-0.00488,-0.03904,-0.05856,-0.02928,-0.0488,-0.03904
-0.00976,0.00488,0,0.00488,0.00976,-0.00976,-0.01464,-0.02928,-0.0488,-0.01952,-0.03904,-0.0244
-0.00976,0.00976,-0.00976,-0.00488,0,-0.00488,-0.02928,-0.03904,-0.0488,-0.01952,-0.0488,-0.02928
-0.00976,0.00976,-0.00976,-0.00488,0,-0.00488,-0.02928,-0.03904,-0.0488,-0.01952,-0.0488,-0.02928
0,0,0,0,0,0,-0.01952,-0.02928,-0.03416,-0.01952,-0.03416,-0.0244
0.00488,-0.01464,0.0244,0.02196,0.01952,-0.00732,0,-0.01464,-0.01952,-0.00976,-0.01952,-0.00488
0.00488,-0.01952,0.03416,0.03172,0.02928,-0.0122,0.00488,-0.00488,-0.0244,0.00488,-0.01952,0.00488
0.00488,-0.02684,0.0488,0.04636,0.04392,-0.01952,-0.00488,-0.00488,-0.01952,0.00976,-0.01464,0.00488
0.00488,-0.03172,0.05856,0.05612,0.05368,-0.0244,-0.00488,-0.01464,-0.01464,0.01464,-0.00976,0.00488
0.00488,-0.03416,0.06344,0.061,0.05856,-0.02684,0.00488,-0.00976,-0.00976,0.01952,-0.00976,0.00976
0,-0.02196,0.04392,0.04392,0.04392,-0.02196,0.00488,0,-0.01464,0.01464,-0.01952,-0.00976
0,-0.01952,0.03904,0.03904,0.03904,-0.01952,0.00488,0.00488,-0.00976,0.01464,-0.01952,-0.01464
0,-0.01952,0.03904,0.03904,0.03904,-0.01952,0,-0.00976,-0.01952,0.0244,-0.01464,-0.00488
0,-0.0366,0.0732,0.0732,0.0732,-0.0366,-0.00488,-0.0244,-0.00488,0.03416,-0.00488,0.01464
0.01464,-0.05612,0.0976,0.09028,0.08296,-0.03416,-0.0244,-0.03416,0,0.0244,0.00976,0.03416
0.01464,-0.05612,0.0976,0.09028,0.08296,-0.03416,-0.05368,-0.05368,-0.00488,0.02928,0.01464,0.03904
0.0244,-0.06344,0.10248,0.09028,0.07808,-0.02684,-0.0488,-0.05368,0.00976,0.03904,0.00976,0.03904
0.02928,-0.05612,0.08296,0.06832,0.05368,-0.0122,-0.05856,-0.04392,0.00488,0.03904,0.01464,0.03904
0.02928,-0.061,0.09272,0.07808,0.06344,-0.01708,-0.05856,-0.0488,0.00976,0.0488,0.02928,0.03904
0.0244,-0.05856,0.09272,0.08052,0.06832,-0.02196,-0.05856,-0.06344,0,0.0488,0.02928,0.03904
0.0244,-0.05856,0.09272,0.08052,0.06832,-0.02196,-0.06832,-0.05856,0,0.03904,0.01952,0.03904
0.0244,-0.0488,0.0732,0.061,0.0488,-0.0122,-0.0732,-0.06344,-0.01464,0.03416,0.00976,0.03416
0.03904,-0.0488,0.05856,0.03904,0.01952,0.00976,-0.06832,-0.05368,-0.0244,0.01952,0.00488,0.01464
0.03416,-0.03904,0.04392,0.02684,0.00976,0.0122,-0.05368,-0.05368,-0.03416,0.00976,-0.00976,0.00488
0.0244,-0.03172,0.03904,0.02684,0.01464,0.00488,-0.0488,-0.04392,-0.02928,0.01464,-0.01464,0.00488
0.01464,-0.01708,0.01952,0.0122,0.00488,0.00488,-0.03904,-0.04392,-0.02928,0.00488,-0.0244,-0.00488
0.00976,-0.00244,-0.00488,-0.00976,-0.01464,0.0122,-0.02928,-0.02928,-0.03904,0,-0.01952,-0.00488
0.00488,0,-0.00488,-0.00732,-0.00976,0.00732,-0.01952,-0.03416,-0.03904,0,-0.01952,-0.01464
-0.00976,0.02196,-0.03416,-0.02928,-0.0244,0.00732,-0.01952,-0.03904,-0.06832,-0.02928,-0.05856,-0.02928
-0.01952,0.03416,-0.0488,-0.03904,-0.02928,0.00488,-0.01464,-0.0488,-0.0732,-0.04392,-0.06832,-0.03904
-0.0244,0.04392,-0.06344,-0.05124,-0.03904,0.00732,-0.00488,-0.04392,-0.06344,-0.03904,-0.06832,-0.0488
-0.02928,0.0488,-0.06832,-0.05368,-0.03904,0.00488,-0.00488,-0.04392,-0.06832,-0.04392,-0.05856,-0.05368
-0.03904,0.05856,-0.07808,-0.05856,-0.03904,0,-0.0244,-0.0488,-0.08296,-0.05856,-0.07808,-0.05368
-0.02928,0.05612,-0.08296,-0.06832,-0.05368,0.0122,-0.01952,-0.0488,-0.07808,-0.05368,-0.08784,-0.05856
-0.0244,0.061,-0.0976,-0.0854,-0.0732,0.0244,-0.00976,-0.0488,-0.07808,-0.06344,-0.08296,-0.06832
-0.01952,0.05856,-0.0976,-0.08784,-0.07808,0.02928,0,-0.0488,-0.07808,-0.06832,-0.08296,-0.06832
-0.00976,0.0488,-0.08784,-0.08296,-0.07808,0.03416,-0.00976,-0.05856,-0.07808,-0.06344,-0.09272,-0.05856
-0.01464,0.0488,-0.08296,-0.07564,-0.06832,0.02684,-0.00488,-0.05856,-0.07808,-0.06344,-0.08784,-0.05368
-0.0244,0.05612,-0.08784,-0.07564,-0.06344,0.01952,-0.00488,-0.0488,-0.07808,-0.05368,-0.08784,-0.06344
-0.0244,0.05612,-0.08784,-0.07564,-0.06344,0.01952,-0.00488,-0.0488,-0.07808,-0.05368,-0.09272,-0.06344
-0.01464,0.04148,-0.06832,-0.061,-0.05368,0.01952,0.01464,-0.03904,-0.06832,-0.05368,-0.07808,-0.04392
-0.02928,0.04636,-0.06344,-0.0488,-0.03416,0.00244,0.02928,0.0244,-0.0244,-0.03416,-0.08784,-0.05856
-0.04392,0.0488,-0.05368,-0.03172,-0.00976,-0.01708,0.08784,0.10248,0.05856,0,-0.06344,-0.03416
-0.01464,-0.00976,0.03416,0.04148,0.0488,-0.03172,0.06344,0.13176,0.14152,0.0976,0.04392,0.00976
0.03904,-0.0732,0.10736,0.08784,0.06832,-0.01464,0.06344,0.22448,0.26352,0.1952,0.11224,0.05368
0.06832,-0.1342,0.20008,0.16592,0.13176,-0.03172,0.03904,0.2684,0.4636,0.35136,0.2196,0.15128
0.14152,-0.19764,0.25376,0.183,0.11224,0.01464,-0.02928,0.23912,0.5856,0.47336,0.31232,0.20496
0.23424,-0.31232,0.3904,0.27328,0.15616,0.03904,-0.16592,0.08296,0.73688,0.61488,0.46848,0.32208
0.32696,-0.39284,0.45872,0.29524,0.13176,0.0976,-0.27816,-0.08784,0.7076,0.64416,0.50752,0.366
0.3416,-0.38552,0.42944,0.25864,0.08784,0.12688,-0.4392,-0.42944,0.41968,0.47336,0.43432,0.366
0.25864,-0.21716,0.17568,0.04636,-0.08296,0.1708,-0.4636,-0.66368,-0.02928,0.11712,0.16592,0.20496
0.04392,0.03172,-0.10736,-0.12932,-0.15128,0.0976,-0.39528,-0.91744,-0.5856,-0.25376,-0.10736,0.01952
-0.07808,0.18544,-0.2928,-0.25376,-0.21472,0.06832,-0.39528,-1.10776,-0.99064,-0.5124,-0.2928,-0.10248
-0.10736,0.25132,-0.39528,-0.3416,-0.28792,0.09028,-0.44408,-1.18584,-1.1468,-0.59536,-0.37088,-0.16592
-0.0976,0.2806,-0.4636,-0.4148,-0.366,0.1342,-0.45872,-1.16144,-1.13704,-0.62952,-0.42944,-0.20984
-0.07808,0.26352,-0.44896,-0.40992,-0.37088,0.1464,-0.40504,-0.99064,-1.01504,-0.56608,-0.40016,-0.20984
-0.06344,0.21716,-0.37088,-0.33916,-0.30744,0.122,-0.32208,-0.72224,-0.7808,-0.4392,-0.3172,-0.18056
-0.06344,0.1586,-0.25376,-0.22204,-0.19032,0.06344,-0.244,-0.52216,-0.58072,-0.33184,-0.244,-0.11712
-0.0244,0.10492,-0.18544,-0.17324,-0.16104,0.06832,-0.20984,-0.43432,-0.48312,-0.25864,-0.20008,-0.09272
-0.05856,0.122,-0.18544,-0.15616,-0.12688,0.03416,-0.16104,-0.35136,-0.39528,-0.22448,-0.1708,-0.08296
-0.0488,0.09028,-0.13176,-0.10736,-0.08296,0.01708,-0.09272,-0.244,-0.31232,-0.17568,-0.15128,-0.08296
-0.05368,0.09272,-0.13176,-0.10492,-0.07808,0.0122,-0.05368,-0.13664,-0.20008,-0.13176,-0.13176,-0.0732
0,0.03904,-0.07808,-0.07808,-0.07808,0.03904,-0.00976,-0.08296,-0.14152,-0.07808,-0.11224,-0.04392
-0.01952,0.03904,-0.05856,-0.0488,-0.03904,0.00976,0.00488,-0.06832,-0.12688,-0.06344,-0.08784,-0.03904
-0.00976,0.03416,-0.05856,-0.05368,-0.0488,0.01952,0.01464,-0.02928,-0.10248,-0.06832,-0.07808,-0.03904
-0.00976,0.0366,-0.06344,-0.05856,-0.05368,0.02196,0.0244,0,-0.06832,-0.05856,-0.08296,-0.0488
-0.01464,0.04392,-0.0732,-0.06588,-0.05856,0.02196,0.0244,0.00488,-0.05856,-0.05368,-0.07808,-0.05856
-0.0244,0.0488,-0.0732,-0.061,-0.0488,0.0122,0.0244,-0.00488,-0.06832,-0.05368,-0.07808,-0.05856
-0.01952,0.04636,-0.0732,-0.06344,-0.05368,0.01708,0.02928,0.00976,-0.0732,-0.05368,-0.08784,-0.0488
-0.01952,0.04636,-0.0732,-0.06344,-0.05368,0.01708,0.03416,0.0244,-0.0488,-0.0488,-0.08296,-0.04392
-0.01464,0.03904,-0.06344,-0.05612,-0.0488,0.01708,0.03904,0.03416,-0.03904,-0.03904,-0.0732,-0.03904
-0.00976,0.02684,-0.04392,-0.03904,-0.03416,0.0122,0.03904,0.03416,-0.03904,-0.03904,-0.06344,-0.03904
-0.01952,0.0366,-0.05368,-0.04392,-0.03416,0.00732,0.03904,0.0244,-0.03904,-0.03416,-0.06832,-0.03416
-0.02928,0.04148,-0.05368,-0.03904,-0.0244,-0.00244,0.04392,0.02928,-0.03904,-0.02928,-0.06832,-0.03416
-0.01952,0.03904,-0.05856,-0.0488,-0.03904,0.00976,0.04392,0.04392,-0.03904,-0.03904,-0.06832,-0.03416
-0.00488,0.03172,-0.05856,-0.05612,-0.05368,0.0244,0.04392,0.04392,-0.03904,-0.02928,-0.06344,-0.03416
-0.01464,0.0366,-0.05856,-0.05124,-0.04392,0.01464,0.04392,0.0488,-0.0244,-0.0244,-0.0488,-0.02928
-0.01464,0.03416,-0.05368,-0.04636,-0.03904,0.0122,0.04392,0.05368,-0.01952,-0.01952,-0.0488,-0.02928
-0.01952,0.04148,-0.06344,-0.05368,-0.04392,0.0122,0.04392,0.0488,-0.02928,-0.02928,-0.05856,-0.03904
-0.01464,0.03172,-0.0488,-0.04148,-0.03416,0.00976,0.0488,0.0488,-0.01952,-0.03416,-0.05856,-0.03904
-0.01464,0.03172,-0.0488,-0.04148,-0.03416,0.00976,0.0488,0.05368,-0.00976,-0.0244,-0.05368,-0.0244
-0.01464,0.0366,-0.05856,-0.05124,-0.04392,0.01464,0.0488,0.05368,-0.00488,-0.0244,-0.05368,-0.0244
-0.00488,0.0244,-0.04392,-0.04148,-0.03904,0.01708,0.05856,0.06832,0,-0.01952,-0.05368,-0.0244
0,0.01952,-0.03904,-0.03904,-0.03904,0.01952,0.06344,0.0732,0,-0.01952,-0.0488,-0.0244
-0.00976,0.02928,-0.0488,-0.04392,-0.03904,0.01464,0.05368,0.07808,0,-0.0244,-0.05856,-0.0244
-0.00976,0.0244,-0.03904,-0.03416,-0.02928,0.00976,0.0488,0.08296,0,-0.01464,-0.05368,-0.01952
-0.01952,0.03416,-0.0488,-0.03904,-0.02928,0.00488,0.0488,0.08296,0.01464,-0.00488,-0.05368,-0.01464
-0.01464,0.02684,-0.03904,-0.03172,-0.0244,0.00488,0.05368,0.08784,0.01952,0,-0.0488,-0.01464
-0.00488,0.01464,-0.0244,-0.02196,-0.01952,0.00732,0.06344,0.0976,0.0244,0.00976,-0.03904,0
0.00976,-0.00488,0,-0.00488,-0.00976,0.00976,0.06344,0.10248,0.03416,0.01464,-0.0244,0
0,0.00732,-0.01464,-0.01464,-0.01464,0.00732,0.05368,0.10736,0.03416,0.00976,-0.02928,-0.00488
0,0.00488,-0.00976,-0.00976,-0.00976,0.00488,0.05368,0.11224,0.04392,0.01464,-0.02928,-0.00488
-0.00488,0.00244,0,0.00244,0.00488,-0.00488,0.05368,0.122,0.06344,0.01952,-0.01952,0.00488
0,-0.00976,0.01952,0.01952,0.01952,-0.00976,0.05368,0.13664,0.0732,0.02928,-0.01464,0.01464
0.00976,-0.01708,0.0244,0.01952,0.01464,-0.00244,0.06832,0.15128,0.09272,0.03904,-0.00488,0.01464
0.00976,-0.01952,0.02928,0.0244,0.01952,-0.00488,0.06832,0.16104,0.10736,0.0488,0,0.01952
0.01952,-0.03172,0.04392,0.03416,0.0244,-0.00244,0.05856,0.1708,0.10736,0.05368,0.00976,0.0244
0.01952,-0.03904,0.05856,0.0488,0.03904,-0.00976,0.05856,0.19032,0.122,0.06344,0.01952,0.03904
0.02928,-0.0488,0.06832,0.05368,0.03904,-0.00488,0.06832,0.20008,0.1464,0.08296,0.03904,0.05368
0.03416,-0.061,0.08784,0.07076,0.05368,-0.00976,0.06832,0.2196,0.1708,0.10248,0.0488,0.06344
0.02928,-0.07564,0.122,0.10736,0.09272,-0.03172,0.05856,0.22936,0.19032,0.11712,0.06344,0.08296
0.02928,-0.0854,0.14152,0.12688,0.11224,-0.04148,0.05856,0.244,0.21472,0.1464,0.08296,0.10248
0.03904,-0.10248,0.16592,0.1464,0.12688,-0.04392,0.0488,0.26352,0.22448,0.15128,0.10248,0.10736
0.03904,-0.11712,0.1952,0.17568,0.15616,-0.05856,0.0488,0.2684,0.25376,0.17568,0.12688,0.122
0.05368,-0.1342,0.21472,0.18788,0.16104,-0.05368,0.0488,0.27816,0.28792,0.20496,0.14152,0.14152
0.0488,-0.13908,0.22936,0.20496,0.18056,-0.06588,0.03416,0.28792,0.3172,0.23424,0.16592,0.16592
0.06344,-0.16836,0.27328,0.24156,0.20984,-0.0732,0.03416,0.2928,0.33184,0.25376,0.19032,0.18544
0.06832,-0.18544,0.30256,0.2684,0.23424,-0.08296,0.01952,0.2928,0.35136,0.27328,0.21472,0.1952
0.07808,-0.1952,0.31232,0.27328,0.23424,-0.07808,0.01464,0.28304,0.37576,0.27816,0.2196,0.20984
0.08784,-0.20984,0.33184,0.28792,0.244,-0.07808,0.00976,0.27816,0.3904,0.30256,0.23912,0.22448
0.08296,-0.20008,0.3172,0.27572,0.23424,-0.07564,0,0.27328,0.38552,0.30256,0.23424,0.2196
0.0732,-0.19764,0.32208,0.28548,0.24888,-0.08784,-0.01464,0.2684,0.3904,0.30744,0.22936,0.2196
0.06832,-0.20252,0.33672,0.30256,0.2684,-0.10004,-0.00488,0.24888,0.3904,0.30744,0.23912,0.22936
0.06832,-0.19764,0.32696,0.2928,0.25864,-0.09516,-0.00488,0.23912,0.38064,0.30744,0.244,0.244
0.0732,-0.20008,0.32696,0.29036,0.25376,-0.09028,-0.01952,0.22936,0.37576,0.30744,0.244,0.23424
0.06832,-0.20008,0.33184,0.29768,0.26352,-0.0976,-0.01464,0.2196,0.37576,0.29768,0.244,0.23424
0.06832,-0.19032,0.31232,0.27816,0.244,-0.08784,-0.01464,0.20984,0.34648,0.28304,0.22936,0.21472
0.06832,-0.18788,0.30744,0.27328,0.23912,-0.0854,-0.01952,0.20496,0.33672,0.27328,0.22448,0.20984
0.0732,-0.17568,0.27816,0.24156,0.20496,-0.06588,-0.00488,0.18544,0.3172,0.26352,0.21472,0.20008
0.06832,-0.1586,0.24888,0.21472,0.18056,-0.05612,-0.00488,0.17568,0.29768,0.23912,0.1952,0.19032
0.06832,-0.15128,0.23424,0.20008,0.16592,-0.0488,-0.00976,0.16592,0.28792,0.22448,0.1708,0.1708
0.06832,-0.14396,0.2196,0.18544,0.15128,-0.04148,-0.01464,0.1464,0.26352,0.20984,0.16104,0.16104
0.05856,-0.12688,0.1952,0.16592,0.13664,-0.03904,-0.00488,0.14152,0.23912,0.19032,0.14152,0.1464
0.0488,-0.1098,0.1708,0.1464,0.122,-0.0366,0.00488,0.13664,0.2196,0.16592,0.122,0.11712
0.03416,-0.08296,0.13176,0.11468,0.0976,-0.03172,0,0.11712,0.19032,0.14152,0.10248,0.11224
0.01952,-0.05856,0.0976,0.08784,0.07808,-0.02928,-0.00488,0.0976,0.16592,0.122,0.08784,0.08784
0.0244,-0.05856,0.09272,0.08052,0.06832,-0.02196,0.00976,0.0976,0.14152,0.10736,0.0732,0.08784
0.02928,-0.05612,0.08296,0.06832,0.05368,-0.0122,0.01464,0.08784,0.11224,0.08784,0.05368,0.06832
0.0244,-0.04148,0.05856,0.04636,0.03416,-0.00488,0.00976,0.06344,0.10248,0.05856,0.02928,0.0488
0.01952,-0.02684,0.03416,0.0244,0.01464,0.00244,0,0.05368,0.08784,0.03904,0.01464,0.03904
0.00976,-0.01708,0.0244,0.01952,0.01464,-0.00244,0.00488,0.0488,0.05368,0.04392,0.01464,0.03904
0,-0.00488,0.00976,0.00976,0.00976,-0.00488,-0.00488,0.03904,0.03416,0.0244,0,0.02928
0.00976,-0.00976,0.00976,0.00488,0,0.00488,0.00976,0.02928,0.02928,0.01464,-0.00976,0.0244
0.00488,0,-0.00488,-0.00732,-0.00976,0.00732,0.00488,0.01952,0.01952,0,-0.01464,0.00976
-0.00976,0.01464,-0.01952,-0.01464,-0.00976,0,-0.00488,-0.00488,-0.00488,-0.01464,-0.03416,0.00488
-0.01952,0.02684,-0.03416,-0.0244,-0.01464,-0.00244,-0.01464,-0.0244,-0.0244,-0.0244,-0.03904,0.00488
-0.00488,0.01952,-0.03416,-0.03172,-0.02928,0.0122,0.00488,-0.01952,-0.01952,-0.0244,-0.03416,-0.00976
0.00488,0.01464,-0.03416,-0.0366,-0.03904,0.02196,0.01952,-0.01464,-0.01464,-0.03416,-0.03904,-0.01952
-0.01952,0.03172,-0.04392,-0.03416,-0.0244,0.00244,0.01464,-0.01464,-0.0244,-0.02928,-0.04392,-0.00976
-0.0244,0.03416,-0.04392,-0.03172,-0.01952,-0.00244,0.00488,-0.0244,-0.02928,-0.02928,-0.0488,-0.00976
-0.01464,0.0366,-0.05856,-0.05124,-0.04392,0.01464,0.00488,-0.01464,-0.0244,-0.03904,-0.04392,-0.01952
0,0.02928,-0.05856,-0.05856,-0.05856,0.02928,0.00488,-0.00976,-0.02928,-0.03904,-0.04392,-0.01952
-0.01464,0.03172,-0.0488,-0.04148,-0.03416,0.00976,-0.00488,-0.01464,-0.03904,-0.03904,-0.0488,-0.01464
-0.01464,0.0366,-0.05856,-0.05124,-0.04392,0.01464,-0.00488,-0.01952,-0.03904,-0.02928,-0.0488,-0.01952
-0.01464,0.04148,-0.06832,-0.061,-0.05368,0.01952,0.00488,-0.0244,-0.04392,-0.03904,-0.06344,-0.01952
-0.01464,0.04392,-0.0732,-0.06588,-0.05856,0.02196,0.00488,-0.0244,-0.04392,-0.04392,-0.06344,-0.01952
-0.01464,0.0366,-0.05856,-0.05124,-0.04392,0.01464,0.00488,-0.01952,-0.04392,-0.0488,-0.05856,-0.00976
-0.01952,0.0366,-0.05368,-0.04392,-0.03416,0.00732,0.00976,-0.01464,-0.04392,-0.04392,-0.05856,-0.01464
-0.00488,0.03172,-0.05856,-0.05612,-0.05368,0.0244,0.00488,-0.0244,-0.05368,-0.04392,-0.05368,-0.0244
0.00488,0.0366,-0.07808,-0.08052,-0.08296,0.04392,0.00488,-0.0244,-0.05856,-0.05368,-0.06344,-0.03416
-0.00976,0.04148,-0.0732,-0.06832,-0.06344,0.02684,0.00488,-0.01464,-0.05368,-0.05368,-0.06344,-0.0244
-0.01952,0.04636,-0.0732,-0.06344,-0.05368,0.01708,0.00976,-0.00976,-0.04392,-0.05368,-0.06344,-0.02928
-0.0244,0.0488,-0.0732,-0.061,-0.0488,0.0122,0.00488,-0.00976,-0.05368,-0.06344,-0.06344,-0.02928
-0.01952,0.04392,-0.06832,-0.05856,-0.0488,0.01464,0.00488,-0.00976,-0.05368,-0.06344,-0.06344,-0.02928
-0.03416,0.05856,-0.08296,-0.06588,-0.0488,0.00732,0.01464,-0.00976,-0.05856,-0.05856,-0.06344,-0.02928
-0.03416,0.05612,-0.07808,-0.061,-0.04392,0.00488,0.01952,-0.00976,-0.05856,-0.05856,-0.06344,-0.02928
-0.03416,0.05612,-0.07808,-0.061,-0.04392,0.00488,0.00976,-0.01952,-0.05856,-0.05856,-0.06344,-0.02928
-0.03416,0.0488,-0.06344,-0.04636,-0.02928,-0.00244,0.01952,-0.01464,-0.05856,-0.05856,-0.05856,-0.02928
-0.0244,0.0488,-0.0732,-0.061,-0.0488,0.0122,0.0244,-0.00488,-0.0488,-0.04392,-0.05368,-0.0244
-0.0244,0.0488,-0.0732,-0.061,-0.0488,0.0122,0.03416,0,-0.0488,-0.04392,-0.05368,-0.0244
-0.0244,0.0488,-0.0732,-0.061,-0.0488,0.0122,0.01464,-0.00976,-0.0488,-0.05368,-0.05856,-0.03416
-0.01952,0.04392,-0.06832,-0.05856,-0.0488,0.01464,0.00488,-0.00976,-0.0488,-0.06344,-0.05856,-0.02928
-0.02928,0.05368,-0.07808,-0.06344,-0.0488,0.00976,0.00976,0,-0.04392,-0.04392,-0.03904,-0.02928
-0.02928,0.05124,-0.0732,-0.05856,-0.04392,0.00732,0.0244,0,-0.04392,-0.04392,-0.04392,-0.0244
-0.01464,0.03904,-0.06344,-0.05612,-0.0488,0.01708,0.01464,0,-0.03416,-0.03904,-0.02928,-0.01464
-0.0244,0.04392,-0.06344,-0.05124,-0.03904,0.00732,0.01464,0.00488,-0.03416,-0.03904,-0.03416,-0.00488
0.00488,0.02196,-0.0488,-0.05124,-0.05368,0.02928,0.00488,0.00488,-0.03904,-0.03904,-0.02928,-0.00976
0.00488,0.01708,-0.03904,-0.04148,-0.04392,0.0244,0.00488,0.00488,-0.03416,-0.03904,-0.0244,-0.00976
-0.00488,0.02684,-0.0488,-0.04636,-0.04392,0.01952,0.01464,0,-0.0244,-0.0244,-0.01952,-0.00976
-0.01952,0.02928,-0.03904,-0.02928,-0.01952,0,0.01952,0.00488,-0.0244,-0.01952,-0.01952,-0.00488
-0.00976,0.02684,-0.04392,-0.03904,-0.03416,0.0122,0.00976,0,-0.03416,-0.02928,-0.01952,-0.00488
-0.00488,0.02684,-0.0488,-0.04636,-0.04392,0.01952,0.00488,0,-0.02928,-0.02928,-0.01464,-0.00488
-0.01464,0.03172,-0.0488,-0.04148,-0.03416,0.00976,0.01464,0,-0.01952,-0.01952,-0.00488,0.00488
-0.0244,0.03416,-0.04392,-0.03172,-0.01952,-0.00244,0.00976,0,-0.01464,-0.00488,0.00488,0.00488
-0.00488,0.01708,-0.02928,-0.02684,-0.0244,0.00976,0.00976,0,-0.01952,-0.01464,-0.00488,0
0.00976,0.01464,-0.03904,-0.04392,-0.0488,0.02928,0.00976,0.00488,-0.01464,-0.00976,0,0
0.00488,0.01952,-0.04392,-0.04636,-0.0488,0.02684,0.00976,0,-0.01464,-0.01952,-0.00976,0
0,0.01952,-0.03904,-0.03904,-0.03904,0.01952,0.00976,0,-0.01464,-0.01952,-0.00976,0
-0.00976,0.03172,-0.05368,-0.0488,-0.04392,0.01708,0,0,-0.0244,-0.00976,0,0.00488
-0.01952,0.0366,-0.05368,-0.04392,-0.03416,0.00732,-0.00488,-0.00488,-0.0244,-0.00976,0,0
-0.00976,0.02928,-0.0488,-0.04392,-0.03904,0.01464,0,-0.00488,-0.0244,-0.01952,0,0
-0.00488,0.02684,-0.0488,-0.04636,-0.04392,0.01952,0.00488,-0.00488,-0.0244,-0.01952,0,0
-0.00488,0.02928,-0.05368,-0.05124,-0.0488,0.02196,0.01464,0.00488,-0.01464,-0.01952,-0.00976,0
-0.00488,0.03172,-0.05856,-0.05612,-0.05368,0.0244,0.00976,0.00488,-0.01464,-0.0244,-0.01952,0
-0.00488,0.02684,-0.0488,-0.04636,-0.04392,0.01952,0,-0.00488,-0.01464,-0.01464,0,0.00976
-0.00488,0.02684,-0.0488,-0.04636,-0.04392,0.01952,0,-0.00488,-0.01464,-0.01464,0,0.00976
0.00488,0.02196,-0.0488,-0.05124,-0.05368,0.02928,0.00976,-0.00488,-0.02928,-0.0244,-0.01464,0.00488
0,0.01952,-0.03904,-0.03904,-0.03904,0.01952,0.01464,-0.00488,-0.0244,-0.0244,-0.01464,0.00488
-0.00976,0.03416,-0.05856,-0.05368,-0.0488,0.01952,0.01464,-0.00976,-0.03416,-0.0244,-0.01464,-0.00488
-0.00488,0.03416,-0.06344,-0.061,-0.05856,0.02684,0.00976,-0.00976,-0.02928,-0.02928,-0.01952,-0.00976
-0.00488,0.03416,-0.06344,-0.061,-0.05856,0.02684,0.00488,-0.00976,-0.01952,-0.02928,-0.01464,-0.00488
-0.00488,0.03416,-0.06344,-0.061,-0.05856,0.02684,0.00488,-0.00976,-0.0244,-0.02928,-0.01464,-0.00488
-0.00488,0.04148,-0.07808,-0.07564,-0.0732,0.03416,0.00488,-0.00488,-0.0244,-0.02928,-0.01464,0.00488
-0.00976,0.04636,-0.08296,-0.07808,-0.0732,0.03172,0.00488,0,-0.0244,-0.02928,-0.01464,0.00488
-0.0244,0.05124,-0.07808,-0.06588,-0.05368,0.01464,0.00976,-0.00488,-0.02928,-0.02928,-0.01952,0
-0.0244,0.0488,-0.0732,-0.061,-0.0488,0.0122,0.00976,-0.00488,-0.02928,-0.02928,-0.0244,-0.00976
-0.00976,0.04636,-0.08296,-0.07808,-0.0732,0.03172,0.00976,-0.01464,-0.03904,-0.03904,-0.01952,0
-0.00976,0.04636,-0.08296,-0.07808,-0.0732,0.03172,0.00976,-0.01464,-0.03904,-0.04392,-0.0244,-0.00488
-0.01464,0.0488,-0.08296,-0.07564,-0.06832,0.02684,0.01464,-0.0244,-0.0244,-0.03416,-0.02928,-0.00488
-0.01464,0.0488,-0.08296,-0.07564,-0.06832,0.02684,0.01464,-0.0244,-0.03416,-0.03416,-0.03416,-0.00488
-0.01952,0.05124,-0.08296,-0.0732,-0.06344,0.02196,0,-0.01464,-0.02928,-0.03416,-0.01952,0.00488
-0.01464,0.0488,-0.08296,-0.07564,-0.06832,0.02684,0.00488,-0.00488,-0.02928,-0.02928,-0.00488,0.00488
-0.00976,0.0488,-0.08784,-0.08296,-0.07808,0.03416,0.00976,-0.01952,-0.0244,-0.04392,-0.01464,-0.00488
0,0.04392,-0.08784,-0.08784,-0.08784,0.04392,0.01464,-0.01464,-0.0244,-0.05368,-0.0244,-0.01464
-0.00976,0.05612,-0.10248,-0.0976,-0.09272,0.04148,0.01952,-0.00488,-0.03416,-0.05368,-0.02928,-0.00488
-0.00488,0.05124,-0.0976,-0.09516,-0.09272,0.04392,0.01952,-0.01464,-0.04392,-0.05368,-0.02928,-0.00488
0,0.04392,-0.08784,-0.08784,-0.08784,0.04392,0.02928,0,-0.03416,-0.04392,-0.01464,0.00488
0,0.04148,-0.08296,-0.08296,-0.08296,0.04148,0.02928,0,-0.02928,-0.03904,-0.00488,0.00488
0,0.04636,-0.09272,-0.09272,-0.09272,0.04636,0.01952,0,-0.02928,-0.04392,-0.01464,-0.00488
-0.01464,0.05856,-0.10248,-0.09516,-0.08784,0.0366,0.01952,0,-0.02928,-0.05368,-0.01952,-0.00976
-0.00488,0.05124,-0.0976,-0.09516,-0.09272,0.04392,0.0244,-0.00976,-0.02928,-0.04392,-0.01952,-0.00976
-0.00976,0.05368,-0.0976,-0.09272,-0.08784,0.03904,0.0244,-0.00488,-0.02928,-0.0488,-0.01952,-0.00488
-0.00976,0.05612,-0.10248,-0.0976,-0.09272,0.04148,0.01952,-0.01952,-0.02928,-0.03904,-0.01952,0
-0.00976,0.05612,-0.10248,-0.0976,-0.09272,0.04148,0.01952,-0.01952,-0.0244,-0.03416,-0.01952,0
-0.01952,0.061,-0.10248,-0.09272,-0.08296,0.03172,0.00976,-0.00976,-0.03904,-0.0488,-0.01952,-0.00976
-0.01952,0.05856,-0.0976,-0.08784,-0.07808,0.02928,0.01464,-0.00976,-0.03904,-0.0488,-0.01952,-0.00976
-0.00976,0.05612,-0.10248,-0.0976,-0.09272,0.04148,0.01464,-0.01952,-0.03904,-0.0488,-0.02928,-0.00976
-0.01464,0.05612,-0.0976,-0.09028,-0.08296,0.03416,0.01464,-0.01952,-0.03904,-0.0488,-0.02928,-0.00976
-0.00488,0.05124,-0.0976,-0.09516,-0.09272,0.04392,0.0244,-0.00976,-0.03416,-0.04392,-0.0244,-0.00488
-0.00976,0.04636,-0.08296,-0.07808,-0.0732,0.03172,0.0244,-0.00976,-0.03416,-0.04392,-0.0244,0
-0.00976,0.05612,-0.10248,-0.0976,-0.09272,0.04148,0.01464,-0.01952,-0.03904,-0.05856,-0.02928,-0.00976
-0.00488,0.05368,-0.10248,-0.10004,-0.0976,0.04636,0.01464,-0.01952,-0.03904,-0.0488,-0.02928,-0.00976
-0.01464,0.06344,-0.11224,-0.10492,-0.0976,0.04148,0.00488,-0.01952,-0.03904,-0.0488,-0.02928,-0.00976
-0.00976,0.05856,-0.10736,-0.10248,-0.0976,0.04392,0,-0.01464,-0.03416,-0.0488,-0.0244,-0.01464
-0.00488,0.04392,-0.08296,-0.08052,-0.07808,0.0366,0,-0.00976,-0.01952,-0.03904,-0.00976,0.00488
-0.01464,0.0488,-0.08296,-0.07564,-0.06832,0.02684,0.00976,0.00488,-0.01464,-0.03416,-0.00976,0.01464
-0.01464,0.04148,-0.06832,-0.061,-0.05368,0.01952,0.00976,0.00488,-0.00976,-0.02928,-0.00488,0.01464
-0.00488,0.02684,-0.0488,-0.04636,-0.04392,0.01952,0.01952,0.00976,0.00488,-0.00488,0.01952,0.02928
-0.00488,0.0244,-0.04392,-0.04148,-0.03904,0.01708,0.03904,0.0244,0.00976,0,0.01952,0.04392
-0.00976,0.03904,-0.06832,-0.06344,-0.05856,0.0244,0.04392,0.01952,-0.00488,-0.01464,0.00976,0.03416
-0.00976,0.0366,-0.06344,-0.05856,-0.05368,0.02196,0.04392,0.0244,0,-0.01464,0.00976,0.01952
-0.01952,0.0366,-0.05368,-0.04392,-0.03416,0.00732,0.02928,0.0244,0,-0.01464,0.00488,0.01952
-0.01952,0.0244,-0.02928,-0.01952,-0.00976,-0.00488,0.0244,0.01952,0.01464,-0.00488,0.01464,0.02928
-0.01464,0.01708,-0.01952,-0.0122,-0.00488,-0.00488,0.01952,0.00976,0.01952,-0.00488,0.01952,0.04392
-0.01464,0.01708,-0.01952,-0.0122,-0.00488,-0.00488,0,-0.01952,0.01464,0,0.0244,0.0488
-0.00488,0.00488,-0.00488,-0.00244,0,-0.00244,0,-0.0244,0.02928,0.01952,0.03416,0.0488
0,0.0122,-0.0244,-0.0244,-0.0244,0.0122,-0.00976,-0.01464,0.0244,0.01952,0.0488,0.0488
0.01952,-0.00732,-0.00488,-0.01464,-0.0244,0.02196,-0.00976,-0.01952,0.01952,0.00976,0.0488,0.05856
0.01464,-0.00488,-0.00488,-0.0122,-0.01952,0.01708,-0.00976,-0.03416,0.00976,0.00976,0.0488,0.05856
0.0244,-0.01464,0.00488,-0.00732,-0.01952,0.02196,-0.01464,-0.02928,0.01952,0.00976,0.0488,0.05856
0.0244,-0.00488,-0.01464,-0.02684,-0.03904,0.03172,-0.02928,-0.03416,0.00488,0.00488,0.03904,0.05368
0.02928,0,-0.02928,-0.04392,-0.05856,0.04392,-0.0244,-0.0244,0.00488,0,0.04392,0.05368
0.0244,0.00976,-0.04392,-0.05612,-0.06832,0.04636,-0.01952,-0.0244,-0.00488,-0.00976,0.02928,0.04392
0.01464,0.02684,-0.06832,-0.07564,-0.08296,0.0488,-0.01952,-0.01464,-0.01464,-0.0244,0.01464,0.02928
0.00488,0.04148,-0.08784,-0.09028,-0.09272,0.0488,-0.00976,-0.01464,-0.0244,-0.03416,0.00488,0.00976
0.00488,0.0488,-0.10248,-0.10492,-0.10736,0.05612,0,-0.01952,-0.01952,-0.03904,0,0.00976
0.00976,0.04636,-0.10248,-0.10736,-0.11224,0.061,0.00976,-0.0244,-0.01952,-0.03904,0,0.00976
-0.00976,0.07564,-0.14152,-0.13664,-0.13176,0.061,0.01952,-0.01464,-0.03904,-0.06344,-0.0244,0
-0.01952,0.08784,-0.15616,-0.1464,-0.13664,0.05856,0.0244,-0.01464,-0.04392,-0.06832,-0.0244,-0.00976
-0.0244,0.08784,-0.15128,-0.13908,-0.12688,0.05124,0.02928,-0.0244,-0.05368,-0.07808,-0.04392,-0.01464
-0.02928,0.09272,-0.15616,-0.14152,-0.12688,0.0488,0.01952,-0.0244,-0.05856,-0.08296,-0.04392,-0.02928
-0.01952,0.09272,-0.16592,-0.15616,-0.1464,0.06344,0.01464,-0.02928,-0.08296,-0.0976,-0.05368,-0.04392
-0.00976,0.09028,-0.1708,-0.16592,-0.16104,0.07564,0.01952,-0.02928,-0.07808,-0.09272,-0.05368,-0.0488
-0.0244,0.10004,-0.17568,-0.16348,-0.15128,0.06344,0.02928,-0.01952,-0.06832,-0.09272,-0.04392,-0.03904
-0.01952,0.0976,-0.17568,-0.16592,-0.15616,0.06832,0.03904,-0.01952,-0.06832,-0.0976,-0.04392,-0.03904
-0.02928,0.10004,-0.1708,-0.15616,-0.14152,0.05612,0.03416,-0.01952,-0.06832,-0.08296,-0.05368,-0.03904
-0.03416,0.10492,-0.17568,-0.1586,-0.14152,0.05368,0.02928,-0.01952,-0.06832,-0.08296,-0.0488,-0.03416
-0.03416,0.10492,-0.17568,-0.1586,-0.14152,0.05368,0.0244,-0.01952,-0.06832,-0.09272,-0.0488,-0.03416
-0.03416,0.10492,-0.17568,-0.1586,-0.14152,0.05368,0.0244,-0.01952,-0.06832,-0.09272,-0.05368,-0.03416
-0.0244,0.10004,-0.17568,-0.16348,-0.15128,0.06344,0.03416,-0.02928,-0.05856,-0.09272,-0.0488,-0.03416
-0.02928,0.09516,-0.16104,-0.1464,-0.13176,0.05124,0.03904,0.00488,-0.0244,-0.08296,-0.03904,-0.03904
-0.05368,0.10736,-0.16104,-0.1342,-0.10736,0.02684,0.07808,0.08296,0,-0.06832,-0.04392,-0.03416
-0.04392,0.0732,-0.10248,-0.08052,-0.05856,0.00732,0.09272,0.13176,0.10248,0.01952,0.0244,-0.00976
-0.00976,0.01952,-0.02928,-0.0244,-0.01952,0.00488,0.11224,0.1952,0.22448,0.12688,0.10248,0.06344
0.03904,-0.05124,0.06344,0.04392,0.0244,0.00732,0.0976,0.2684,0.44408,0.2928,0.22936,0.13176
0.09272,-0.12444,0.15616,0.1098,0.06344,0.01464,0.0488,0.28792,0.60512,0.45384,0.36112,0.21472
0.18544,-0.24888,0.31232,0.2196,0.12688,0.02928,-0.08784,0.16104,0.7564,0.61488,0.488,0.33184
0.27816,-0.3538,0.42944,0.29036,0.15128,0.06344,-0.20008,0.0976,0.91256,0.74176,0.6344,0.43432
0.31232,-0.366,0.41968,0.26352,0.10736,0.10248,-0.40016,-0.20496,0.71248,0.64904,0.59048,0.44408
0.29768,-0.28548,0.27328,0.12444,-0.0244,0.16104,-0.48312,-0.45872,0.35136,0.36112,0.41968,0.36112
0.14152,-0.0366,-0.06832,-0.13908,-0.20984,0.17568,-0.40504,-0.67344,-0.25376,-0.10736,0.07808,0.1464
-0.03904,0.18056,-0.32208,-0.30256,-0.28304,0.122,-0.39528,-0.96136,-0.84424,-0.47336,-0.20496,-0.03416
-0.10736,0.30012,-0.49288,-0.4392,-0.38552,0.13908,-0.40504,-1.0492,-1.11752,-0.64416,-0.3416,-0.13664
-0.0976,0.33428,-0.57096,-0.52216,-0.47336,0.18788,-0.4392,-1.06384,-1.15656,-0.66856,-0.37088,-0.19032
-0.05856,0.32696,-0.59536,-0.56608,-0.5368,0.23912,-0.4148,-0.94184,-1.09312,-0.67344,-0.3904,-0.20984
-0.05368,0.30012,-0.54656,-0.51972,-0.49288,0.2196,-0.32208,-0.72224,-0.88816,-0.57584,-0.33672,-0.19032
-0.04392,0.23668,-0.42944,-0.40748,-0.38552,0.1708,-0.23424,-0.50264,-0.64904,-0.42944,-0.25376,-0.12688
-0.04392,0.18788,-0.33184,-0.30988,-0.28792,0.122,-0.16104,-0.40504,-0.50264,-0.34648,-0.20008,-0.09272
-0.05856,0.18544,-0.31232,-0.28304,-0.25376,0.0976,-0.122,-0.31232,-0.4148,-0.2928,-0.15128,-0.08296
-0.06832,0.17324,-0.27816,-0.244,-0.20984,0.07076,-0.0732,-0.23424,-0.36112,-0.27328,-0.15128,-0.0732
-0.04392,0.13664,-0.22936,-0.2074,-0.18544,0.07076,-0.03416,-0.15616,-0.23912,-0.2196,-0.122,-0.05368
-0.03904,0.12688,-0.21472,-0.1952,-0.17568,0.06832,0.00976,-0.08296,-0.16104,-0.15616,-0.08296,-0.04392
-0.03904,0.0976,-0.15616,-0.13664,-0.11712,0.03904,0.01464,-0.06832,-0.1464,-0.13176,-0.05856,-0.01952
-0.0488,0.10736,-0.16592,-0.14152,-0.11712,0.03416,0.04392,-0.02928,-0.122,-0.12688,-0.0488,-0.01952
-0.0488,0.11468,-0.18056,-0.15616,-0.13176,0.04148,0.05368,0,-0.08784,-0.11712,-0.05368,-0.02928
-0.04392,0.11712,-0.19032,-0.16836,-0.1464,0.05124,0.05368,0.01464,-0.05856,-0.09272,-0.0488,-0.02928
-0.04392,0.11712,-0.19032,-0.16836,-0.1464,0.05124,0.05368,0.01464,-0.0488,-0.09272,-0.0488,-0.02928
-0.02928,0.10492,-0.18056,-0.16592,-0.15128,0.061,0.06832,0.02928,-0.06344,-0.10248,-0.05856,-0.02928
-0.02928,0.10004,-0.1708,-0.15616,-0.14152,0.05612,0.08296,0.04392,-0.03904,-0.10736,-0.05368,-0.0244
-0.04392,0.11224,-0.18056,-0.1586,-0.13664,0.04636,0.07808,0.04392,-0.03904,-0.10736,-0.05368,-0.02928
-0.03904,0.1098,-0.18056,-0.16104,-0.14152,0.05124,0.07808,0.04392,-0.03904,-0.10736,-0.05368,-0.02928
-0.03904,0.10492,-0.1708,-0.15128,-0.13176,0.04636,0.08784,0.04392,-0.0488,-0.09272,-0.0488,-0.03416
-0.03904,0.10004,-0.16104,-0.14152,-0.122,0.04148,0.09272,0.0488,-0.0488,-0.08784,-0.0488,-0.03416
-0.02928,0.0976,-0.16592,-0.15128,-0.13664,0.05368,0.08296,0.06344,-0.02928,-0.08784,-0.03904,-0.03416
-0.0244,0.09516,-0.16592,-0.15372,-0.14152,0.05856,0.08296,0.06344,-0.02928,-0.07808,-0.03416,-0.03416
-0.03416,0.10004,-0.16592,-0.14884,-0.13176,0.0488,0.08296,0.05856,-0.03416,-0.09272,-0.03904,-0.03904
-0.03416,0.0976,-0.16104,-0.14396,-0.12688,0.04636,0.08296,0.06344,-0.03904,-0.0976,-0.03904,-0.03904
-0.03904,0.10492,-0.1708,-0.15128,-0.13176,0.04636,0.09272,0.05856,-0.02928,-0.0976,-0.03904,-0.03904
-0.03416,0.09516,-0.15616,-0.13908,-0.122,0.04392,0.0976,0.05856,-0.01952,-0.09272,-0.03904,-0.03904
-0.03416,0.0854,-0.13664,-0.11956,-0.10248,0.03416,0.08784,0.0732,-0.01952,-0.0732,-0.01464,-0.01464
-0.03416,0.0854,-0.13664,-0.11956,-0.10248,0.03416,0.08784,0.0732,-0.01464,-0.06344,-0.00488,-0.00488
-0.03416,0.08784,-0.14152,-0.12444,-0.10736,0.0366,0.0976,0.07808,0,-0.06832,-0.01464,-0.01464
-0.02928,0.08784,-0.1464,-0.13176,-0.11712,0.04392,0.10248,0.08296,0,-0.06832,-0.01952,-0.0244
-0.02928,0.08784,-0.1464,-0.13176,-0.11712,0.04392,0.09272,0.07808,0,-0.0732,-0.00976,-0.01464
-0.02928,0.08296,-0.13664,-0.122,-0.10736,0.03904,0.07808,0.08296,-0.00976,-0.0732,-0.00488,-0.00976
-0.02928,0.08296,-0.13664,-0.122,-0.10736,0.03904,0.08784,0.09272,0.00488,-0.0732,-0.01464,-0.01464
-0.0244,0.07564,-0.12688,-0.11468,-0.10248,0.03904,0.09272,0.0976,0.00976,-0.06832,-0.00976,-0.01464
-0.0244,0.07808,-0.13176,-0.11956,-0.10736,0.04148,0.10248,0.0976,0.00488,-0.06832,-0.00976,-0.01952
-0.01952,0.0732,-0.12688,-0.11712,-0.10736,0.04392,0.10248,0.10248,0.01464,-0.06344,-0.00488,-0.01952
-0.02928,0.07564,-0.122,-0.10736,-0.09272,0.03172,0.09272,0.12688,0.03416,-0.0488,0.00976,-0.00488
-0.02928,0.0732,-0.11712,-0.10248,-0.08784,0.02928,0.09272,0.13176,0.05368,-0.04392,0.00976,0.00488
-0.01464,0.061,-0.10736,-0.10004,-0.09272,0.03904,0.10248,0.13176,0.06344,-0.0488,0.00976,0.00488
-0.00976,0.0488,-0.08784,-0.08296,-0.07808,0.03416,0.11224,0.1464,0.0732,-0.03904,0.01464,0.01464
-0.01952,0.05612,-0.09272,-0.08296,-0.0732,0.02684,0.10736,0.15128,0.0732,-0.02928,0.03416,0.01464
-0.01952,0.05368,-0.08784,-0.07808,-0.06832,0.0244,0.0976,0.16104,0.08784,-0.01952,0.03904,0.01952
0,0.03172,-0.06344,-0.06344,-0.06344,0.03172,0.10736,0.18056,0.0976,-0.01464,0.0488,0.03416
0,0.01952,-0.03904,-0.03904,-0.03904,0.01952,0.11712,0.20008,0.11224,-0.00488,0.05856,0.0488
-0.00976,0.0244,-0.03904,-0.03416,-0.02928,0.00976,0.10736,0.20008,0.12688,0.00488,0.06832,0.05368
-0.00488,0.01708,-0.02928,-0.02684,-0.0244,0.00976,0.10736,0.2196,0.15128,0.0244,0.07808,0.06344
0.00976,-0.00244,-0.00488,-0.00976,-0.01464,0.0122,0.0976,0.22936,0.16104,0.02928,0.08296,0.06344
0.01952,-0.01708,0.01464,0.00488,-0.00488,0.0122,0.0976,0.244,0.18544,0.05856,0.10248,0.0732
0.00976,-0.02928,0.0488,0.04392,0.03904,-0.01464,0.0976,0.27328,0.21472,0.08296,0.13176,0.0976
0,-0.03904,0.07808,0.07808,0.07808,-0.03904,0.0976,0.27816,0.25376,0.11712,0.15616,0.122
0.01464,-0.05612,0.0976,0.09028,0.08296,-0.03416,0.10736,0.27816,0.2684,0.12688,0.16104,0.13176
0.00976,-0.05612,0.10248,0.0976,0.09272,-0.04148,0.09272,0.28792,0.29768,0.15616,0.18544,0.15616
0.03416,-0.09028,0.1464,0.12932,0.11224,-0.03904,0.08296,0.28304,0.31232,0.17568,0.20984,0.18544
0.03904,-0.11224,0.18544,0.16592,0.1464,-0.05368,0.06832,0.28304,0.33184,0.1952,0.23424,0.1952
0.03904,-0.122,0.20496,0.18544,0.16592,-0.06344,0.0732,0.2928,0.35624,0.2196,0.24888,0.20008
0.0488,-0.13664,0.22448,0.20008,0.17568,-0.06344,0.06832,0.28792,0.38064,0.244,0.2684,0.21472
0.05368,-0.1464,0.23912,0.21228,0.18544,-0.06588,0.06832,0.28304,0.39528,0.26352,0.28304,0.22936
0.05368,-0.15372,0.25376,0.22692,0.20008,-0.0732,0.05368,0.28792,0.40016,0.2684,0.29768,0.24888
0.0488,-0.15372,0.25864,0.23424,0.20984,-0.08052,0.03416,0.2684,0.3904,0.25864,0.28792,0.23912
0.0488,-0.14884,0.24888,0.22448,0.20008,-0.07564,0.0244,0.24888,0.38064,0.24888,0.2928,0.23424
0.04392,-0.14152,0.23912,0.21716,0.1952,-0.07564,0.02928,0.24888,0.37576,0.24888,0.2928,0.244
0.03904,-0.13664,0.23424,0.21472,0.1952,-0.07808,0.04392,0.23912,0.37576,0.23912,0.2928,0.244
0.03904,-0.13176,0.22448,0.20496,0.18544,-0.0732,0.03416,0.2196,0.366,0.244,0.28792,0.23424
0.03904,-0.12932,0.2196,0.20008,0.18056,-0.07076,0.02928,0.21472,0.35624,0.23424,0.28304,0.22936
0.04392,-0.122,0.20008,0.17812,0.15616,-0.05612,0.0244,0.1952,0.32696,0.21472,0.26352,0.20984
0.03904,-0.1098,0.18056,0.16104,0.14152,-0.05124,0.0244,0.18544,0.30744,0.19032,0.244,0.20008
0.02928,-0.0976,0.16592,0.15128,0.13664,-0.05368,0.02928,0.16592,0.29768,0.17568,0.22936,0.18056
0.02928,-0.09028,0.15128,0.13664,0.122,-0.04636,0.0244,0.1464,0.27328,0.16104,0.2196,0.1708
0.03904,-0.08296,0.12688,0.10736,0.08784,-0.0244,0.03416,0.14152,0.23912,0.13176,0.20008,0.15616
0.02928,-0.06588,0.10248,0.08784,0.0732,-0.02196,0.03416,0.1464,0.2196,0.10736,0.18056,0.12688
0.01464,-0.03416,0.05368,0.04636,0.03904,-0.0122,0.02928,0.13664,0.20008,0.08296,0.14152,0.11224
0.00976,-0.01464,0.01952,0.01464,0.00976,0,0.03416,0.11712,0.17568,0.06344,0.12688,0.08784
-0.00488,0,0.00488,0.00732,0.00976,-0.00732,0.03904,0.10736,0.15128,0.03904,0.122,0.08784
-0.00976,0.0122,-0.01464,-0.00976,-0.00488,-0.00244,0.04392,0.0976,0.122,0.01952,0.10248,0.06832
-0.00488,0.01708,-0.02928,-0.02684,-0.0244,0.00976,0.0488,0.08296,0.11224,0.00976,0.0976,0.06832
-0.00976,0.02684,-0.04392,-0.03904,-0.03416,0.0122,0.0488,0.0732,0.0976,0,0.08296,0.05856
0,0.03172,-0.06344,-0.06344,-0.06344,0.03172,0.05368,0.05856,0.06344,-0.01464,0.06344,0.03904
-0.00976,0.04392,-0.07808,-0.0732,-0.06832,0.02928,0.04392,0.0488,0.04392,-0.03416,0.0488,0.01952
-0.01952,0.05368,-0.08784,-0.07808,-0.06832,0.0244,0.05856,0.03904,0.03904,-0.04392,0.03904,0.01464
-0.03416,0.06832,-0.10248,-0.0854,-0.06832,0.01708,0.05368,0.02928,0.02928,-0.05856,0.03416,0
-0.02928,0.06832,-0.10736,-0.09272,-0.07808,0.0244,0.04392,0.0244,0.00488,-0.06344,0.03416,0.00488
-0.01952,0.06588,-0.11224,-0.10248,-0.09272,0.0366,0.04392,0.01464,-0.00488,-0.0732,0.02928,0.00488
-0.01464,0.06832,-0.122,-0.11468,-0.10736,0.04636,0.05368,0.00976,-0.00976,-0.08296,0.01464,0
-0.01464,0.06832,-0.122,-0.11468,-0.10736,0.04636,0.0488,0.00488,-0.01464,-0.09272,0.00976,-0.00976
-0.02928,0.08052,-0.13176,-0.11712,-0.10248,0.0366,0.04392,0.00488,-0.03416,-0.08784,0.01464,-0.00976
-0.0244,0.07808,-0.13176,-0.11956,-0.10736,0.04148,0.04392,-0.00488,-0.03904,-0.08784,0.00976,-0.00976
-0.03416,0.0854,-0.13664,-0.11956,-0.10248,0.03416,0.03416,-0.00488,-0.0244,-0.08784,0.01464,-0.00976
-0.02928,0.08296,-0.13664,-0.122,-0.10736,0.03904,0.03416,0,-0.01952,-0.08784,0.01464,-0.00976
-0.03416,0.09028,-0.1464,-0.12932,-0.11224,0.03904,0.03416,-0.00488,-0.03904,-0.0976,0,-0.0244
-0.03416,0.09516,-0.15616,-0.13908,-0.122,0.04392,0.03416,-0.00976,-0.03904,-0.0976,0,-0.02928
-0.0244,0.09028,-0.15616,-0.14396,-0.13176,0.05368,0.03416,-0.01464,-0.05368,-0.10736,-0.00488,-0.01952
-0.0244,0.09272,-0.16104,-0.14884,-0.13664,0.05612,0.03416,-0.0244,-0.05368,-0.122,-0.00488,-0.01952
-0.0244,0.09028,-0.15616,-0.14396,-0.13176,0.05368,0.03416,-0.01952,-0.05368,-0.11712,-0.00976,-0.02928
-0.02928,0.09516,-0.16104,-0.1464,-0.13176,0.05124,0.03904,-0.01464,-0.05368,-0.11224,-0.00976,-0.03416
-0.0244,0.0854,-0.1464,-0.1342,-0.122,0.0488,0.03416,-0.00488,-0.04392,-0.11224,-0.00488,-0.0244
-0.0244,0.09028,-0.15616,-0.14396,-0.13176,0.05368,0.03416,-0.00488,-0.03904,-0.122,-0.01464,-0.0244
-0.02928,0.09516,-0.16104,-0.1464,-0.13176,0.05124,0.04392,-0.01464,-0.05368,-0.122,-0.00488,-0.0244
-0.02928,0.09516,-0.16104,-0.1464,-0.13176,0.05124,0.0488,-0.00976,-0.05368,-0.122,-0.00488,-0.02928
-0.03416,0.0976,-0.16104,-0.14396,-0.12688,0.04636,0.05368,0,-0.06344,-0.122,-0.01464,-0.02928
-0.02928,0.09272,-0.15616,-0.14152,-0.12688,0.0488,0.06344,0.00976,-0.06344,-0.122,-0.01464,-0.02928
-0.03416,0.10248,-0.1708,-0.15372,-0.13664,0.05124,0.05368,0.00976,-0.05856,-0.13664,-0.0244,-0.03904
-0.03416,0.10492,-0.17568,-0.1586,-0.14152,0.05368,0.0488,0.00976,-0.0488,-0.1464,-0.0244,-0.0488
-0.03416,0.10492,-0.17568,-0.1586,-0.14152,0.05368,0.0488,0,-0.05856,-0.13664,-0.03416,-0.03904
-0.03416,0.0976,-0.16104,-0.14396,-0.12688,0.04636,0.05856,0.00488,-0.06832,-0.13664,-0.02928,-0.03904
-0.04392,0.10736,-0.1708,-0.14884,-0.12688,0.04148,0.04392,0.00488,-0.06832,-0.13176,-0.01464,-0.04392
-0.05368,0.11224,-0.1708,-0.14396,-0.11712,0.03172,0.04392,0.00976,-0.06832,-0.13176,-0.01464,-0.04392
-0.04392,0.10248,-0.16104,-0.13908,-0.11712,0.0366,0.04392,0,-0.07808,-0.122,-0.01952,-0.03416
-0.02928,0.09272,-0.15616,-0.14152,-0.12688,0.0488,0.04392,-0.00976,-0.07808,-0.122,-0.01952,-0.02928
-0.0488,0.0976,-0.1464,-0.122,-0.0976,0.0244,0.03904,0,-0.06344,-0.10248,0,-0.01952
-0.05856,0.09516,-0.13176,-0.10248,-0.0732,0.00732,0.04392,0,-0.05368,-0.10248,0.00488,-0.00488
-0.04392,0.09272,-0.14152,-0.11956,-0.0976,0.02684,0.05368,0.00976,-0.04392,-0.10736,0,-0.01464
-0.05368,0.0976,-0.14152,-0.11468,-0.08784,0.01708,0.05368,0.01464,-0.04392,-0.11712,-0.00488,-0.01464
-0.04392,0.09516,-0.1464,-0.12444,-0.10248,0.02928,0.04392,0.00488,-0.0488,-0.12688,0,-0.01952
-0.04392,0.09516,-0.1464,-0.12444,-0.10248,0.02928,0.03416,0.00488,-0.04392,-0.12688,0.00488,-0.01952
-0.04392,0.10004,-0.15616,-0.1342,-0.11224,0.03416,0.04392,-0.00976,-0.05368,-0.11224,0,-0.02928
-0.0488,0.0976,-0.1464,-0.122,-0.0976,0.0244,0.03904,-0.00488,-0.05368,-0.10736,0,-0.0244
-0.02928,0.07564,-0.122,-0.10736,-0.09272,0.03172,0.0488,0,-0.05368,-0.11712,0.00976,-0.01464
-0.01464,0.06588,-0.11712,-0.1098,-0.10248,0.04392,0.05368,0,-0.0488,-0.11712,0.01464,-0.01464
-0.03416,0.08052,-0.12688,-0.1098,-0.09272,0.02928,0.05368,0,-0.03904,-0.11712,0.00488,-0.01464
-0.04392,0.08784,-0.13176,-0.1098,-0.08784,0.02196,0.0488,0,-0.04392,-0.11224,0.00488,-0.01464
-0.05368,0.09028,-0.12688,-0.10004,-0.0732,0.00976,0.0488,0,-0.0488,-0.10248,0.01464,-0.00976
-0.0488,0.09272,-0.13664,-0.11224,-0.08784,0.01952,0.0488,0.00488,-0.04392,-0.0976,0.02928,-0.00976
-0.03416,0.07808,-0.122,-0.10492,-0.08784,0.02684,0.03904,0,-0.03416,-0.10736,0.02928,0
-0.02928,0.0732,-0.11712,-0.10248,-0.08784,0.02928,0.03904,0,-0.03416,-0.10736,0.02928,0
-0.03904,0.07564,-0.11224,-0.09272,-0.0732,0.01708,0.03904,0.00976,-0.03416,-0.0976,0.03904,-0.00488
-0.03904,0.07564,-0.11224,-0.09272,-0.0732,0.01708,0.04392,0.00488,-0.03416,-0.0976,0.03904,-0.00976
-0.03904,0.07808,-0.11712,-0.0976,-0.07808,0.01952,0.03904,-0.00488,-0.03416,-0.0976,0.02928,-0.00976
-0.03416,0.07564,-0.11712,-0.10004,-0.08296,0.0244,0.03416,-0.00488,-0.03416,-0.0976,0.02928,-0.00976
-0.03416,0.07808,-0.122,-0.10492,-0.08784,0.02684,0.0244,-0.01464,-0.04392,-0.10736,0.02928,-0.00976
-0.03416,0.08052,-0.12688,-0.1098,-0.09272,0.02928,0.01952,-0.01464,-0.04392,-0.11224,0.01952,-0.00976
-0.0244,0.07076,-0.11712,-0.10492,-0.09272,0.03416,0.02928,-0.01464,-0.04392,-0.10248,0.02928,-0.00976
-0.0244,0.07076,-0.11712,-0.10492,-0.09272,0.03416,0.02928,-0.01464,-0.04392,-0.10248,0.02928,-0.00976
-0.0244,0.07564,-0.12688,-0.11468,-0.10248,0.03904,0.03904,-0.00488,-0.0488,-0.10248,0.03416,-0.01464
-0.02928,0.07808,-0.12688,-0.11224,-0.0976,0.03416,0.04392,-0.00488,-0.04392,-0.10248,0.03416,-0.01464
-0.02928,0.07808,-0.12688,-0.11224,-0.0976,0.03416,0.03416,-0.01952,-0.05368,-0.11224,0.03416,-0.00488
-0.0244,0.0732,-0.122,-0.1098,-0.0976,0.0366,0.02928,-0.01952,-0.0488,-0.11712,0.02928,-0.00976
-0.01464,0.06344,-0.11224,-0.10492,-0.0976,0.04148,0.03416,-0.00976,-0.03904,-0.10736,0.03416,-0.00488
-0.01464,0.06344,-0.11224,-0.10492,-0.0976,0.04148,0.03416,0,-0.04392,-0.0976,0.03416,-0.00488
-0.0244,0.06588,-0.10736,-0.09516,-0.08296,0.02928,0.04392,-0.00488,-0.04392,-0.10736,0.03416,-0.00488
-0.02928,0.07076,-0.11224,-0.0976,-0.08296,0.02684,0.04392,0,-0.04392,-0.10736,0.03416,-0.00488
-0.0244,0.07564,-0.12688,-0.11468,-0.10248,0.03904,0.02928,-0.01464,-0.0488,-0.11712,0.02928,-0.01952
-0.0244,0.0732,-0.122,-0.1098,-0.0976,0.0366,0.02928,-0.01464,-0.0488,-0.11712,0.0244,-0.02928
-0.02928,0.08052,-0.13176,-0.11712,-0.10248,0.0366,0.02928,-0.0244,-0.05856,-0.10736,0.02928,-0.00976
-0.03904,0.09028,-0.14152,-0.122,-0.10248,0.03172,0.02928,-0.0244,-0.05856,-0.11224,0.0244,-0.01464
-0.03416,0.08784,-0.14152,-0.12444,-0.10736,0.0366,0.04392,-0.01464,-0.04392,-0.122,0.02928,-0.01464
-0.03416,0.08784,-0.14152,-0.12444,-0.10736,0.0366,0.04392,-0.00488,-0.05368,-0.122,0.0244,-0.01464
-0.02928,0.09028,-0.15128,-0.13664,-0.122,0.04636,0.02928,-0.01464,-0.0488,-0.13176,0.00976,-0.0244
-0.0244,0.08784,-0.15128,-0.13908,-0.12688,0.05124,0.03416,-0.01464,-0.0488,-0.12688,0.01464,-0.0244
-0.01952,0.08296,-0.1464,-0.13664,-0.12688,0.05368,0.01952,-0.01952,-0.05368,-0.122,0.0244,-0.0244
-0.01952,0.07808,-0.13664,-0.12688,-0.11712,0.0488,0.0244,-0.01464,-0.05368,-0.122,0.0244,-0.0244
-0.03904,0.0854,-0.13176,-0.11224,-0.09272,0.02684,0.02928,-0.01464,-0.04392,-0.11224,0.02928,-0.01464
-0.03416,0.08052,-0.12688,-0.1098,-0.09272,0.02928,0.02928,-0.0244,-0.04392,-0.11224,0.03904,-0.01464
-0.03904,0.08784,-0.13664,-0.11712,-0.0976,0.02928,0.03904,-0.00976,-0.05368,-0.122,0.03416,-0.0244
-0.03904,0.09516,-0.15128,-0.13176,-0.11224,0.0366,0.03904,-0.00976,-0.05856,-0.12688,0.0244,-0.0244
-0.01952,0.08052,-0.14152,-0.13176,-0.122,0.05124,0.02928,-0.01952,-0.05856,-0.11224,0.0244,-0.01464
-0.0244,0.08296,-0.14152,-0.12932,-0.11712,0.04636,0.02928,-0.01952,-0.05856,-0.122,0.01952,-0.01952
-0.0244,0.08052,-0.13664,-0.12444,-0.11224,0.04392,0.03416,-0.01952,-0.05856,-0.122,0.01952,-0.01952
-0.02928,0.08296,-0.13664,-0.122,-0.10736,0.03904,0.03416,-0.01464,-0.05856,-0.12688,0.01952,-0.01464
-0.01952,0.07564,-0.13176,-0.122,-0.11224,0.04636,0.01952,-0.01952,-0.05856,-0.11712,0.01952,-0.01952
-0.01952,0.07564,-0.13176,-0.122,-0.11224,0.04636,0.01952,-0.01952,-0.05368,-0.11224,0.01952,-0.01952
-0.03904,0.09028,-0.14152,-0.122,-0.10248,0.03172,0.02928,-0.01952,-0.06832,-0.12688,0,-0.02928
-0.01952,0.08296,-0.1464,-0.13664,-0.12688,0.05368,0.03904,-0.01952,-0.06832,-0.12688,0.00488,-0.02928
-0.01952,0.08296,-0.1464,-0.13664,-0.12688,0.05368,0.03904,-0.01952,-0.06832,-0.12688,0.01464,-0.02928
-0.02928,0.08296,-0.13664,-0.122,-0.10736,0.03904,0.03904,-0.0244,-0.06344,-0.11712,0.03416,-0.0244
-0.0244,0.06832,-0.11224,-0.10004,-0.08784,0.03172,0.03904,-0.01952,-0.0488,-0.10736,0.0488,-0.00488
-0.03416,0.06344,-0.09272,-0.07564,-0.05856,0.0122,0.03416,-0.01464,-0.03416,-0.09272,0.0488,-0.00488
-0.03416,0.05612,-0.07808,-0.061,-0.04392,0.00488,0.0244,-0.01464,-0.02928,-0.08784,0.05368,-0.00488
-0.03416,0.05124,-0.06832,-0.05124,-0.03416,0,0.0244,-0.01464,-0.0244,-0.0732,0.07808,0.00976
-0.03416,0.0488,-0.06344,-0.04636,-0.02928,-0.00244,0.03416,-0.00976,-0.01952,-0.06832,0.07808,0.0244
-0.03416,0.05124,-0.06832,-0.05124,-0.03416,0,0.04392,-0.00976,-0.0244,-0.09272,0.06832,0.00976
-0.0244,0.04392,-0.06344,-0.05124,-0.03904,0.00732,0.04392,-0.00488,-0.01952,-0.09272,0.06832,0.00488
-0.02928,0.05124,-0.0732,-0.05856,-0.04392,0.00732,0.02928,-0.00488,-0.01952,-0.08296,0.06344,0.00976
-0.02928,0.03904,-0.0488,-0.03416,-0.01952,-0.00488,0.0244,-0.00976,-0.00488,-0.0732,0.0732,0.01952
-0.01464,0.02684,-0.03904,-0.03172,-0.0244,0.00488,0,-0.01464,-0.00976,-0.0732,0.07808,0.0244
-0.01464,0.02684,-0.03904,-0.03172,-0.0244,0.00488,-0.01952,-0.03416,-0.01464,-0.06832,0.08296,0.02928
0,0.0122,-0.0244,-0.0244,-0.0244,0.0122,-0.01464,-0.03904,0,-0.05856,0.08784,0.03904
-0.00488,0.0244,-0.04392,-0.04148,-0.03904,0.01708,-0.01464,-0.03904,-0.00488,-0.05856,0.09272,0.03904
0,0.01464,-0.02928,-0.02928,-0.02928,0.01464,-0.01952,-0.02928,0,-0.05856,0.0976,0.03904
-0.00488,0.0122,-0.01952,-0.01708,-0.01464,0.00488,-0.01952,-0.04392,-0.00976,-0.05856,0.0976,0.03904
0,0,0,0,0,0,-0.01952,-0.0488,-0.01952,-0.0488,0.10248,0.04392
0.00976,0,-0.00976,-0.01464,-0.01952,0.01464,-0.0244,-0.05368,-0.03416,-0.05368,0.10248,0.0488
0.00976,0.00732,-0.0244,-0.02928,-0.03416,0.02196,-0.01464,-0.03416,-0.0244,-0.06832,0.09272,0.04392
0.00488,0.02196,-0.0488,-0.05124,-0.05368,0.02928,-0.00976,-0.03416,-0.03416,-0.07808,0.07808,0.03416
0.00488,0.0366,-0.07808,-0.08052,-0.08296,0.04392,-0.00976,-0.03416,-0.03416,-0.09272,0.0732,0.01952
-0.00488,0.05124,-0.0976,-0.09516,-0.09272,0.04392,0,-0.03416,-0.04392,-0.10248,0.06344,0
0,0.05612,-0.11224,-0.11224,-0.11224,0.05612,0.00976,-0.02928,-0.0488,-0.10736,0.05856,0
-0.00488,0.05856,-0.11224,-0.1098,-0.10736,0.05124,0.01952,-0.03416,-0.0488,-0.10736,0.05856,0
-0.01952,0.07564,-0.13176,-0.122,-0.11224,0.04636,0.00976,-0.03416,-0.07808,-0.13176,0.0244,-0.02928
-0.02928,0.08784,-0.1464,-0.13176,-0.11712,0.04392,0.01464,-0.03416,-0.08296,-0.13664,0.0244,-0.03904
-0.03416,0.09516,-0.15616,-0.13908,-0.122,0.04392,0.02928,-0.03416,-0.0732,-0.12688,0.01952,-0.02928
-0.03904,0.10492,-0.1708,-0.15128,-0.13176,0.04636,0.03904,-0.03416,-0.07808,-0.13176,0.02928,-0.03416
-0.03904,0.11712,-0.1952,-0.17568,-0.15616,0.05856,0.0244,-0.03904,-0.10248,-0.15616,0.00976,-0.05368
-0.02928,0.11468,-0.20008,-0.18544,-0.1708,0.07076,0.02928,-0.03904,-0.0976,-0.15128,0,-0.05856
-0.04392,0.11956,-0.1952,-0.17324,-0.15128,0.05368,0.03416,-0.03904,-0.0976,-0.14152,0.00488,-0.05856
-0.03904,0.11712,-0.1952,-0.17568,-0.15616,0.05856,0.03416,-0.03904,-0.0976,-0.1464,0.00488,-0.05856
-0.02928,0.10492,-0.18056,-0.16592,-0.15128,0.061,0.02928,-0.02928,-0.08784,-0.15128,0.00488,-0.0488
-0.03416,0.1098,-0.18544,-0.16836,-0.15128,0.05856,0.03416,-0.02928,-0.08784,-0.15128,0.00976,-0.04392
-0.03416,0.11224,-0.19032,-0.17324,-0.15616,0.061,0.02928,-0.03904,-0.0976,-0.15128,0,-0.0488
-0.03416,0.11712,-0.20008,-0.183,-0.16592,0.06588,0.01952,-0.03904,-0.0976,-0.15128,-0.00488,-0.05856
-0.04392,0.11956,-0.1952,-0.17324,-0.15128,0.05368,0.03416,-0.02928,-0.08784,-0.14152,0,-0.05368
-0.05856,0.12932,-0.20008,-0.1708,-0.14152,0.04148,0.05856,-0.0244,-0.08296,-0.14152,0.00976,-0.05856
-0.03416,0.08784,-0.14152,-0.12444,-0.10736,0.0366,0.0976,0.06344,0,-0.0976,0.0244,-0.03416
-0.05368,0.08784,-0.122,-0.09516,-0.06832,0.00732,0.09272,0.11224,0.06344,-0.05856,0.04392,-0.0488
-0.00976,0.01464,-0.01952,-0.01464,-0.00976,0,0.122,0.1952,0.22448,0.08784,0.16104,0.03416
0.01952,-0.03172,0.04392,0.03416,0.0244,-0.00244,0.12688,0.2684,0.4148,0.23424,0.27816,0.10248
0.06344,-0.11468,0.16592,0.1342,0.10248,-0.01952,0.07808,0.2684,0.59536,0.4148,0.41968,0.22448
0.15616,-0.23424,0.31232,0.23424,0.15616,0,-0.06832,0.16104,0.78568,0.61488,0.5856,0.32208
0.23912,-0.3538,0.46848,0.34892,0.22936,0.00488,-0.24888,0.0488,0.94184,0.76128,0.732,0.43432
0.30256,-0.39528,0.488,0.33672,0.18544,0.05856,-0.42944,-0.21472,0.81008,0.72712,0.73688,0.48312
0.29768,-0.3294,0.36112,0.21228,0.06344,0.11712,-0.53192,-0.4392,0.42944,0.4392,0.56608,0.40992
0.1708,-0.07076,-0.02928,-0.11468,-0.20008,0.18544,-0.48312,-0.6344,-0.15616,-0.05856,0.1952,0.16592
0.01952,0.13664,-0.2928,-0.30256,-0.31232,0.16592,-0.45384,-0.91256,-0.8052,-0.4636,-0.0976,-0.01464
-0.06832,0.28548,-0.50264,-0.46848,-0.43432,0.183,-0.40504,-0.99064,-1.13704,-0.66368,-0.26352,-0.15616
-0.07808,0.34404,-0.61,-0.57096,-0.53192,0.22692,-0.47824,-1.04432,-1.22488,-0.73688,-0.33184,-0.20008
-0.02928,0.32208,-0.61488,-0.60024,-0.5856,0.27816,-0.42456,-0.9028,-1.1224,-0.732,-0.35136,-0.22936
-0.04392,0.31964,-0.59536,-0.5734,-0.55144,0.25376,-0.32208,-0.6832,-0.9272,-0.6344,-0.29768,-0.2196
-0.03416,0.24156,-0.44896,-0.43188,-0.4148,0.19032,-0.22448,-0.48312,-0.68808,-0.49776,-0.20496,-0.15616
-0.0732,0.22692,-0.38064,-0.34404,-0.30744,0.11712,-0.1708,-0.39528,-0.54168,-0.40504,-0.15128,-0.13176
-0.02928,0.18056,-0.33184,-0.3172,-0.30256,0.13664,-0.13176,-0.31232,-0.44408,-0.35136,-0.11224,-0.10248
-0.0488,0.17324,-0.29768,-0.27328,-0.24888,0.10004,-0.08296,-0.244,-0.3904,-0.31232,-0.10248,-0.09272
-0.04392,0.1464,-0.24888,-0.22692,-0.20496,0.08052,-0.0244,-0.16592,-0.27816,-0.2684,-0.06344,-0.08296
-0.03904,0.122,-0.20496,-0.18544,-0.16592,0.06344,0.01952,-0.09272,-0.19032,-0.1952,-0.0244,-0.05368
-0.0488,0.11712,-0.18544,-0.16104,-0.13664,0.04392,0.0244,-0.05856,-0.1464,-0.16104,0.00976,-0.03904
-0.0488,0.122,-0.1952,-0.1708,-0.1464,0.0488,0.03416,-0.03904,-0.14152,-0.16592,0.00976,-0.03904
-0.0488,0.12444,-0.20008,-0.17568,-0.15128,0.05124,0.04392,-0.00976,-0.10736,-0.15616,0.00488,-0.0488
-0.04392,0.11712,-0.19032,-0.16836,-0.1464,0.05124,0.0732,0.01464,-0.07808,-0.13176,0.00976,-0.0488
-0.04392,0.11224,-0.18056,-0.1586,-0.13664,0.04636,0.08296,0.01464,-0.06832,-0.13176,0.00976,-0.0488
-0.03904,0.1098,-0.18056,-0.16104,-0.14152,0.05124,0.07808,0.00976,-0.08296,-0.14152,0.00976,-0.0488
-0.03904,0.1098,-0.18056,-0.16104,-0.14152,0.05124,0.0732,0.01464,-0.06832,-0.1464,0.01464,-0.04392
-0.03416,0.10736,-0.18056,-0.16348,-0.1464,0.05612,0.06832,0.0244,-0.06832,-0.13664,0.01464,-0.0488
-0.02928,0.10004,-0.1708,-0.15616,-0.14152,0.05612,0.06832,0.0244,-0.06832,-0.13664,0.01464,-0.0488
-0.03904,0.10492,-0.1708,-0.15128,-0.13176,0.04636,0.07808,0.03416,-0.05856,-0.13176,0.01952,-0.04392
-0.03904,0.10492,-0.1708,-0.15128,-0.13176,0.04636,0.09272,0.03904,-0.05856,-0.12688,0.01952,-0.04392
-0.03904,0.10736,-0.17568,-0.15616,-0.13664,0.0488,0.09272,0.03416,-0.0488,-0.12688,0.01952,-0.04392
-0.03416,0.10492,-0.17568,-0.1586,-0.14152,0.05368,0.09272,0.03416,-0.0488,-0.11712,0.0244,-0.04392
-0.03416,0.10004,-0.16592,-0.14884,-0.13176,0.0488,0.08296,0.0488,-0.05368,-0.11224,0.02928,-0.03904
-0.03416,0.0976,-0.16104,-0.14396,-0.12688,0.04636,0.08296,0.05368,-0.0488,-0.10736,0.02928,-0.03904
-0.02928,0.09028,-0.15128,-0.13664,-0.122,0.04636,0.08296,0.06832,-0.03904,-0.11712,0.02928,-0.02928
-0.0244,0.08052,-0.13664,-0.12444,-0.11224,0.04392,0.08784,0.06832,-0.02928,-0.11224,0.02928,-0.01952
-0.0244,0.0854,-0.1464,-0.1342,-0.122,0.0488,0.07808,0.06344,-0.02928,-0.10248,0.03416,-0.0244
-0.0244,0.09028,-0.15616,-0.14396,-0.13176,0.05368,0.07808,0.06344,-0.0244,-0.10248,0.03416,-0.03416
-0.03416,0.08784,-0.14152,-0.12444,-0.10736,0.0366,0.08784,0.06832,-0.00976,-0.08784,0.04392,-0.0244
-0.02928,0.07808,-0.12688,-0.11224,-0.0976,0.03416,0.09272,0.0732,-0.00976,-0.08784,0.0488,-0.0244
-0.01952,0.07808,-0.13664,-0.12688,-0.11712,0.0488,0.09272,0.08784,-0.00976,-0.09272,0.03904,-0.03416
-0.01952,0.0732,-0.12688,-0.11712,-0.10736,0.04392,0.08784,0.09272,-0.00976,-0.09272,0.04392,-0.02928
-0.01952,0.06832,-0.11712,-0.10736,-0.0976,0.03904,0.0976,0.08296,-0.00488,-0.08296,0.04392,-0.0244
-0.01464,0.061,-0.10736,-0.10004,-0.09272,0.03904,0.10248,0.08784,0,-0.07808,0.0488,-0.0244
-0.01464,0.06344,-0.11224,-0.10492,-0.0976,0.04148,0.10248,0.10736,0.01464,-0.07808,0.0488,-0.01952
-0.00976,0.05856,-0.10736,-0.10248,-0.0976,0.04392,0.10248,0.11224,0.0244,-0.0732,0.05368,-0.01952
-0.01952,0.061,-0.10248,-0.09272,-0.08296,0.03172,0.11224,0.11712,0.0244,-0.06832,0.05856,-0.01464
-0.01952,0.05856,-0.0976,-0.08784,-0.07808,0.02928,0.11224,0.122,0.03416,-0.06344,0.05856,-0.01464
-0.01464,0.05612,-0.0976,-0.09028,-0.08296,0.03416,0.11224,0.13176,0.05368,-0.06832,0.06832,-0.01464
-0.00976,0.0488,-0.08784,-0.08296,-0.07808,0.03416,0.11224,0.15616,0.06344,-0.05856,0.0732,-0.00488
0,0.04148,-0.08296,-0.08296,-0.08296,0.04148,0.11712,0.16104,0.06344,-0.0488,0.08296,-0.00488
0,0.03416,-0.06832,-0.06832,-0.06832,0.03416,0.11712,0.1708,0.06832,-0.03904,0.08784,0
0,0.02684,-0.05368,-0.05368,-0.05368,0.02684,0.11712,0.18056,0.07808,-0.03416,0.08784,0.00488
0,0.01952,-0.03904,-0.03904,-0.03904,0.01952,0.11712,0.20008,0.09272,-0.0244,0.0976,0.01952
0,0.01952,-0.03904,-0.03904,-0.03904,0.01952,0.11712,0.20008,0.11712,-0.01464,0.11712,0.0244
0.00488,0.00732,-0.01952,-0.02196,-0.0244,0.01464,0.11712,0.2196,0.14152,0.00488,0.12688,0.03416
0,-0.00732,0.01464,0.01464,0.01464,-0.00732,0.11712,0.23912,0.1708,0.01952,0.14152,0.05368
0,-0.01708,0.03416,0.03416,0.03416,-0.01708,0.11712,0.26352,0.20496,0.0488,0.16104,0.0732
0.00976,-0.03416,0.05856,0.05368,0.0488,-0.01952,0.10736,0.27328,0.21472,0.06344,0.1708,0.07808
0.00976,-0.0488,0.08784,0.08296,0.07808,-0.03416,0.10736,0.27816,0.23424,0.08784,0.1952,0.10248
0.0244,-0.07564,0.12688,0.11468,0.10248,-0.03904,0.11712,0.27816,0.25864,0.11712,0.2196,0.122
0.01952,-0.08052,0.14152,0.13176,0.122,-0.05124,0.10248,0.28792,0.28792,0.1464,0.244,0.1464
0.04392,-0.1098,0.17568,0.15372,0.13176,-0.04392,0.11224,0.30256,0.32208,0.15616,0.2684,0.16592
0.0488,-0.12688,0.20496,0.18056,0.15616,-0.05368,0.0976,0.30256,0.3416,0.17568,0.2928,0.17568
0.03904,-0.13176,0.22448,0.20496,0.18544,-0.0732,0.08296,0.2928,0.35624,0.20008,0.29768,0.19032
0.03904,-0.14152,0.244,0.22448,0.20496,-0.08296,0.06832,0.28792,0.37088,0.22448,0.3172,0.20496
0.05368,-0.15128,0.24888,0.22204,0.1952,-0.07076,0.06832,0.28304,0.38552,0.244,0.33184,0.2196
0.05368,-0.1586,0.26352,0.23668,0.20984,-0.07808,0.06344,0.27816,0.3904,0.24888,0.33672,0.22936
0.0488,-0.1586,0.2684,0.244,0.2196,-0.0854,0.06344,0.27816,0.3904,0.24888,0.33672,0.2196
0.0488,-0.15372,0.25864,0.23424,0.20984,-0.08052,0.06344,0.2684,0.38064,0.24888,0.3416,0.22448
0.05368,-0.15616,0.25864,0.2318,0.20496,-0.07564,0.05856,0.24888,0.38552,0.24888,0.3416,0.23424
0.0488,-0.15616,0.26352,0.23912,0.21472,-0.08296,0.06344,0.23912,0.38552,0.23912,0.3416,0.23424
0.03904,-0.1464,0.25376,0.23424,0.21472,-0.08784,0.04392,0.2196,0.366,0.244,0.33672,0.21472
0.03904,-0.14396,0.24888,0.22936,0.20984,-0.0854,0.02928,0.21472,0.35624,0.23424,0.33184,0.20984
0.04392,-0.13664,0.22936,0.2074,0.18544,-0.07076,0.0244,0.20496,0.34648,0.22448,0.33184,0.20984
0.0488,-0.12932,0.20984,0.18544,0.16104,-0.05612,0.0244,0.1952,0.32696,0.20008,0.31232,0.20008
0.03904,-0.11224,0.18544,0.16592,0.1464,-0.05368,0.03904,0.17568,0.30744,0.18544,0.28792,0.18056
0.03904,-0.10492,0.1708,0.15128,0.13176,-0.04636,0.03416,0.15616,0.27328,0.1708,0.2684,0.1708
0.0488,-0.0976,0.1464,0.122,0.0976,-0.0244,0.0244,0.14152,0.25864,0.15128,0.24888,0.16592
0.03904,-0.08052,0.122,0.10248,0.08296,-0.02196,0.0244,0.13664,0.23912,0.12688,0.22936,0.13664
0.0244,-0.05856,0.09272,0.08052,0.06832,-0.02196,0.03904,0.13664,0.20008,0.09272,0.20008,0.11224
0.01952,-0.04392,0.06832,0.05856,0.0488,-0.01464,0.04392,0.11712,0.17568,0.0732,0.18544,0.08784
0.00488,-0.01952,0.03416,0.03172,0.02928,-0.0122,0.03904,0.10736,0.16104,0.06832,0.18056,0.08784
0,-0.00732,0.01464,0.01464,0.01464,-0.00732,0.04392,0.0976,0.13176,0.0488,0.16104,0.07808
0.00488,-0.00732,0.00976,0.00732,0.00488,0,0.0488,0.08296,0.10248,0.01952,0.1464,0.05856
0,0.00244,-0.00488,-0.00488,-0.00488,0.00244,0.0488,0.0732,0.08784,0,0.13176,0.0488
0.00976,0.0122,-0.03416,-0.03904,-0.04392,0.02684,0.04392,0.05856,0.0732,-0.00488,0.11224,0.02928
0,0.0244,-0.0488,-0.0488,-0.0488,0.0244,0.03416,0.0488,0.05368,-0.0244,0.0976,0.01952
-0.00976,0.03904,-0.06832,-0.06344,-0.05856,0.0244,0.03904,0.02928,0.02928,-0.04392,0.07808,0.01464
-0.01464,0.0488,-0.08296,-0.07564,-0.06832,0.02684,0.03416,0.01952,0.01952,-0.06832,0.0732,0
-0.01952,0.0488,-0.07808,-0.06832,-0.05856,0.01952,0.03416,0.0244,0.00488,-0.05368,0.08296,0.00488
-0.01952,0.04636,-0.0732,-0.06344,-0.05368,0.01708,0.03416,0.01464,-0.00488,-0.05368,0.08784,0.01464
-0.01464,0.0488,-0.08296,-0.07564,-0.06832,0.02684,0.03416,0,-0.00976,-0.05368,0.0732,0
-0.01464,0.0488,-0.08296,-0.07564,-0.06832,0.02684,0.02928,-0.00488,-0.01464,-0.06344,0.05856,-0.01952
-0.01952,0.06588,-0.11224,-0.10248,-0.09272,0.0366,0.04392,0.00488,-0.01464,-0.07808,0.05368,-0.01952
-0.01464,0.06832,-0.122,-0.11468,-0.10736,0.04636,0.04392,-0.00488,-0.01952,-0.07808,0.0488,-0.01952
-0.01464,0.06588,-0.11712,-0.1098,-0.10248,0.04392,0.05368,-0.00488,-0.0244,-0.07808,0.05368,-0.01952
-0.00976,0.06344,-0.11712,-0.11224,-0.10736,0.0488,0.05368,0,-0.02928,-0.07808,0.05368,-0.01952
-0.0244,0.07076,-0.11712,-0.10492,-0.09272,0.03416,0.04392,-0.00488,-0.02928,-0.08784,0.0488,-0.0244
-0.0244,0.07564,-0.12688,-0.11468,-0.10248,0.03904,0.03416,-0.00976,-0.02928,-0.08784,0.0488,-0.02928
-0.01464,0.06588,-0.11712,-0.1098,-0.10248,0.04392,0.03416,-0.00488,-0.04392,-0.07808,0.04392,-0.02928
-0.01464,0.06832,-0.122,-0.11468,-0.10736,0.04636,0.03416,-0.00488,-0.04392,-0.08296,0.04392,-0.02928
-0.00488,0.05612,-0.10736,-0.10492,-0.10248,0.0488,0.03416,-0.00976,-0.04392,-0.08784,0.0488,-0.02928
-0.00976,0.061,-0.11224,-0.10736,-0.10248,0.04636,0.03904,-0.00488,-0.04392,-0.08296,0.0488,-0.03416
-0.01464,0.06588,-0.11712,-0.1098,-0.10248,0.04392,0.0244,-0.01464,-0.03416,-0.08296,0.04392,-0.03416
-0.0244,0.07564,-0.12688,-0.11468,-0.10248,0.03904,0.0244,-0.01464,-0.03904,-0.09272,0.03416,-0.03416
-0.01952,0.06588,-0.11224,-0.10248,-0.09272,0.0366,0.03416,-0.00488,-0.05368,-0.10248,0.03416,-0.03416
-0.01952,0.06588,-0.11224,-0.10248,-0.09272,0.0366,0.03904,0,-0.05368,-0.10248,0.03416,-0.03904
-0.01464,0.0732,-0.13176,-0.12444,-0.11712,0.05124,0.03416,0,-0.04392,-0.09272,0.03416,-0.03904
-0.00976,0.06832,-0.12688,-0.122,-0.11712,0.05368,0.03416,0,-0.04392,-0.09272,0.03416,-0.03904
-0.0244,0.08296,-0.14152,-0.12932,-0.11712,0.04636,0.03416,0.00976,-0.0488,-0.0976,0.03416,-0.03904
-0.0244,0.08052,-0.13664,-0.12444,-0.11224,0.04392,0.03904,0.00976,-0.0488,-0.0976,0.03416,-0.03904
-0.0244,0.08052,-0.13664,-0.12444,-0.11224,0.04392,0.03904,0,-0.0488,-0.10736,0.03416,-0.03904
-0.0244,0.0732,-0.122,-0.1098,-0.0976,0.0366,0.0488,0.00488,-0.0488,-0.10736,0.03904,-0.03904
-0.01464,0.06832,-0.122,-0.11468,-0.10736,0.04636,0.04392,0.00488,-0.0488,-0.10248,0.03416,-0.04392
-0.01464,0.06832,-0.122,-0.11468,-0.10736,0.04636,0.04392,0.00976,-0.0488,-0.10248,0.03416,-0.04392
-0.0244,0.07808,-0.13176,-0.11956,-0.10736,0.04148,0.05368,0.00976,-0.0488,-0.10248,0.03904,-0.03416
-0.01952,0.0732,-0.12688,-0.11712,-0.10736,0.04392,0.05368,0.00976,-0.0488,-0.10248,0.03904,-0.02928
-0.02928,0.07808,-0.12688,-0.11224,-0.0976,0.03416,0.03904,0.00976,-0.04392,-0.09272,0.03904,-0.02928
-0.02928,0.07564,-0.122,-0.10736,-0.09272,0.03172,0.04392,0.00976,-0.04392,-0.09272,0.03416,-0.0244
-0.0244,0.0732,-0.122,-0.1098,-0.0976,0.0366,0.03416,0,-0.04392,-0.0976,0.03904,-0.03416
-0.03416,0.07808,-0.122,-0.10492,-0.08784,0.02684,0.03416,0.00488,-0.04392,-0.0976,0.03416,-0.03416
-0.0244,0.07076,-0.11712,-0.10492,-0.09272,0.03416,0.04392,0.01464,-0.0488,-0.0976,0.02928,-0.02928
-0.0244,0.07076,-0.11712,-0.10492,-0.09272,0.03416,0.05368,0.01464,-0.04392,-0.0976,0.03416,-0.02928
-0.01464,0.061,-0.10736,-0.10004,-0.09272,0.03904,0.06344,0.01952,-0.04392,-0.08296,0.03904,-0.01952
-0.01952,0.05856,-0.0976,-0.08784,-0.07808,0.02928,0.06832,0.0244,-0.04392,-0.07808,0.03904,-0.01464
-0.02928,0.061,-0.09272,-0.07808,-0.06344,0.01708,0.05856,0.00976,-0.03416,-0.07808,0.03904,-0.0244
-0.0244,0.061,-0.0976,-0.0854,-0.0732,0.0244,0.05368,0.00976,-0.02928,-0.07808,0.04392,-0.0244
-0.01464,0.05612,-0.0976,-0.09028,-0.08296,0.03416,0.04392,0,-0.03904,-0.08784,0.03416,-0.0244
-0.01464,0.05368,-0.09272,-0.0854,-0.07808,0.03172,0.03904,0,-0.05368,-0.09272,0.03416,-0.0244
-0.0244,0.05612,-0.08784,-0.07564,-0.06344,0.01952,0.03904,0.00976,-0.03904,-0.08296,0.04392,-0.01952
-0.01952,0.05856,-0.0976,-0.08784,-0.07808,0.02928,0.03904,0.01464,-0.03416,-0.07808,0.0488,-0.01952
-0.0244,0.06344,-0.10248,-0.09028,-0.07808,0.02684,0.0488,0,-0.03416,-0.07808,0.03904,-0.01952
-0.02928,0.06344,-0.0976,-0.08296,-0.06832,0.01952,0.0488,0,-0.03416,-0.07808,0.03904,-0.01952
-0.01952,0.05124,-0.08296,-0.0732,-0.06344,0.02196,0.03904,0,-0.03416,-0.06832,0.0488,-0.00488
-0.00976,0.04148,-0.0732,-0.06832,-0.06344,0.02684,0.03416,-0.00488,-0.03416,-0.06832,0.05856,-0.00976
-0.00976,0.04392,-0.07808,-0.0732,-0.06832,0.02928,0.02928,0.00488,-0.03416,-0.06832,0.06832,-0.00976
-0.00488,0.04148,-0.07808,-0.07564,-0.0732,0.03416,0.03416,0.00488,-0.03416,-0.06832,0.06832,-0.00976
-0.01464,0.04392,-0.0732,-0.06588,-0.05856,0.02196,0.03416,-0.00488,-0.04392,-0.06832,0.05856,0
-0.0244,0.05124,-0.07808,-0.06588,-0.05368,0.01464,0.02928,-0.00488,-0.04392,-0.0732,0.0488,0
-0.01464,0.05124,-0.08784,-0.08052,-0.0732,0.02928,0.02928,-0.00488,-0.03416,-0.0732,0.05856,-0.00976
-0.00488,0.04636,-0.08784,-0.0854,-0.08296,0.03904,0.02928,-0.00488,-0.03416,-0.0732,0.05856,-0.01952
-0.00488,0.04636,-0.08784,-0.0854,-0.08296,0.03904,0.01952,-0.00488,-0.02928,-0.06344,0.05368,-0.01464
-0.00976,0.0488,-0.08784,-0.08296,-0.07808,0.03416,0.0244,-0.00488,-0.0244,-0.06344,0.05368,-0.01464
0,0.04392,-0.08784,-0.08784,-0.08784,0.04392,0.03416,0,-0.03416,-0.06344,0.05368,-0.0244
0.00488,0.03904,-0.08296,-0.0854,-0.08784,0.04636,0.02928,0,-0.02928,-0.06832,0.0488,-0.02928
-0.00488,0.0488,-0.09272,-0.09028,-0.08784,0.04148,0.03416,-0.00976,-0.03904,-0.07808,0.04392,-0.0244
-0.01464,0.05368,-0.09272,-0.0854,-0.07808,0.03172,0.03416,-0.00976,-0.04392,-0.07808,0.04392,-0.0244
-0.00488,0.04636,-0.08784,-0.0854,-0.08296,0.03904,0.04392,-0.00488,-0.03416,-0.07808,0.05368,-0.0244
-0.00976,0.05124,-0.09272,-0.08784,-0.08296,0.0366,0.04392,0,-0.03416,-0.07808,0.05368,-0.0244
-0.01464,0.05612,-0.0976,-0.09028,-0.08296,0.03416,0.03904,-0.00488,-0.0488,-0.07808,0.0488,-0.02928
-0.01464,0.05368,-0.09272,-0.0854,-0.07808,0.03172,0.03904,-0.00488,-0.0488,-0.07808,0.04392,-0.03904
-0.00976,0.04636,-0.08296,-0.07808,-0.0732,0.03172,0.02928,-0.00488,-0.03904,-0.07808,0.03904,-0.02928
-0.00976,0.04636,-0.08296,-0.07808,-0.0732,0.03172,0.01952,-0.00488,-0.03904,-0.08296,0.03416,-0.03416
-0.01464,0.05368,-0.09272,-0.0854,-0.07808,0.03172,0.03416,-0.00488,-0.03416,-0.0732,0.0488,-0.0244
-0.01464,0.05368,-0.09272,-0.0854,-0.07808,0.03172,0.03416,-0.00488,-0.04392,-0.0732,0.04392,-0.0244
-0.00976,0.05612,-0.10248,-0.0976,-0.09272,0.04148,0.01952,-0.00488,-0.03904,-0.08296,0.02928,-0.03416
-0.00488,0.05368,-0.10248,-0.10004,-0.0976,0.04636,0.0244,-0.00488,-0.03904,-0.07808,0.03416,-0.03416
0,0.0488,-0.0976,-0.0976,-0.0976,0.0488,0.01952,-0.00976,-0.03416,-0.08296,0.03416,-0.03416
0,0.0488,-0.0976,-0.0976,-0.0976,0.0488,0.0244,-0.00488,-0.03416,-0.08296,0.03416,-0.03416
-0.00976,0.05612,-0.10248,-0.0976,-0.09272,0.04148,0.02928,0.00488,-0.04392,-0.08296,0.02928,-0.03416
-0.00488,0.05124,-0.0976,-0.09516,-0.09272,0.04392,0.02928,-0.00488,-0.04392,-0.08296,0.02928,-0.03416
0,0.05368,-0.10736,-0.10736,-0.10736,0.05368,0.02928,-0.00976,-0.04392,-0.08296,0.03416,-0.03416
0,0.05612,-0.11224,-0.11224,-0.11224,0.05612,0.02928,-0.00976,-0.0488,-0.08784,0.03416,-0.03416
0,0.05124,-0.10248,-0.10248,-0.10248,0.05124,0.02928,-0.01952,-0.03904,-0.0732,0.04392,-0.0244
-0.01464,0.05368,-0.09272,-0.0854,-0.07808,0.03172,0.02928,-0.01952,-0.03904,-0.08296,0.03904,-0.02928
-0.00488,0.05124,-0.0976,-0.09516,-0.09272,0.04392,0.0244,-0.00976,-0.0488,-0.08296,0.02928,-0.02928
-0.00976,0.05368,-0.0976,-0.09272,-0.08784,0.03904,0.0244,0.00488,-0.0488,-0.08784,0.02928,-0.0244
-0.00976,0.05612,-0.10248,-0.0976,-0.09272,0.04148,0.01952,-0.00976,-0.0488,-0.08784,0.02928,-0.03904
-0.00976,0.05612,-0.10248,-0.0976,-0.09272,0.04148,0.01952,-0.01952,-0.04392,-0.08296,0.02928,-0.03904
-0.01952,0.06588,-0.11224,-0.10248,-0.09272,0.0366,0.01952,-0.00976,-0.0488,-0.08784,0.02928,-0.02928
-0.01952,0.06344,-0.10736,-0.0976,-0.08784,0.03416,0.0244,-0.00976,-0.0488,-0.08784,0.02928,-0.02928
0,0.04392,-0.08784,-0.08784,-0.08784,0.04392,0.02928,0,-0.02928,-0.06832,0.03904,-0.00976
-0.00976,0.05368,-0.0976,-0.09272,-0.08784,0.03904,0.01952,-0.00976,-0.03904,-0.07808,0.02928,-0.01952
-0.00976,0.05368,-0.0976,-0.09272,-0.08784,0.03904,0.01952,-0.00976,-0.0488,-0.08784,0.01952,-0.02928
-0.00976,0.05368,-0.0976,-0.09272,-0.08784,0.03904,0.02928,-0.00488,-0.03904,-0.0732,0.03416,-0.02928
-0.00488,0.03904,-0.0732,-0.07076,-0.06832,0.03172,0.03904,0,-0.0244,-0.06344,0.03904,-0.0244
-0.00488,0.03172,-0.05856,-0.05612,-0.05368,0.0244,0.03416,0.00488,-0.0244,-0.05368,0.04392,-0.01464
-0.00488,0.01952,-0.03416,-0.03172,-0.02928,0.0122,0.0244,0.00488,-0.01464,-0.0488,0.0488,-0.00488
-0.00488,0.01952,-0.03416,-0.03172,-0.02928,0.0122,0.02928,0.01952,0,-0.02928,0.06832,0.00976
-0.00488,0.01952,-0.03416,-0.03172,-0.02928,0.0122,0.03416,0.01952,0.00976,-0.03904,0.06832,0
-0.01952,0.03416,-0.0488,-0.03904,-0.02928,0.00488,0.0244,0.01464,-0.00488,-0.05368,0.0488,0.00488
-0.01952,0.03172,-0.04392,-0.03416,-0.0244,0.00244,0.0244,0.00488,-0.00976,-0.05368,0.0488,0.00488
-0.00976,0.01708,-0.0244,-0.01952,-0.01464,0.00244,0.02928,0.00976,0,-0.02928,0.06832,0
0.00488,-0.00732,0.00976,0.00732,0.00488,0,0.03416,0.00976,0.00976,-0.0244,0.07808,0.01952
0.00488,-0.00244,0,-0.00244,-0.00488,0.00488,0.00976,-0.01952,0.00488,-0.04392,0.06832,0.0244
0.01952,-0.0122,0.00488,-0.00488,-0.01464,0.01708,0,-0.0244,0.00976,-0.01952,0.07808,0.02928
0.01464,-0.0122,0.00976,0.00244,-0.00488,0.00976,-0.01464,-0.02928,0.01464,-0.01952,0.08784,0.02928
0.0244,-0.01708,0.00976,-0.00244,-0.01464,0.01952,-0.01952,-0.02928,0.01952,-0.01952,0.09272,0.03416
0.02928,-0.02684,0.0244,0.00976,-0.00488,0.01708,-0.01952,-0.02928,0,-0.01952,0.08784,0.03904
0.0244,-0.02684,0.02928,0.01708,0.00488,0.00976,-0.01952,-0.03416,0,-0.01952,0.08784,0.03904
0.0244,-0.0244,0.0244,0.0122,0,0.0122,-0.0244,-0.03904,-0.00488,-0.0244,0.08296,0.03416
0.0244,-0.0122,0,-0.0122,-0.0244,0.0244,-0.0244,-0.04392,-0.01464,-0.03416,0.07808,0.02928
0.02928,-0.00976,-0.00976,-0.0244,-0.03904,0.03416,-0.02928,-0.0244,-0.00976,-0.03904,0.0732,0.01952
0.0244,-0.00244,-0.01952,-0.03172,-0.04392,0.03416,-0.02928,-0.0244,-0.01464,-0.04392,0.06832,0.00976
0.01952,0.00976,-0.03904,-0.0488,-0.05856,0.03904,-0.00976,-0.0244,-0.02928,-0.05368,0.04392,0.00488
0.01464,0.0244,-0.06344,-0.07076,-0.07808,0.04636,-0.00976,-0.0244,-0.03904,-0.0732,0.04392,-0.00976
0.00976,0.03172,-0.0732,-0.07808,-0.08296,0.04636,0.00488,-0.01952,-0.02928,-0.06832,0.03904,-0.00976
0,0.04148,-0.08296,-0.08296,-0.08296,0.04148,0.00976,-0.0244,-0.03904,-0.07808,0.02928,-0.01952
-0.01952,0.06832,-0.11712,-0.10736,-0.0976,0.03904,0.01464,-0.0244,-0.06344,-0.0976,0.00488,-0.0488
-0.0244,0.07076,-0.11712,-0.10492,-0.09272,0.03416,0.01952,-0.0244,-0.06344,-0.0976,0.01464,-0.0488
-0.01952,0.07076,-0.122,-0.11224,-0.10248,0.04148,0.0244,-0.0244,-0.06832,-0.09272,0.00488,-0.03904
-0.01952,0.07564,-0.13176,-0.122,-0.11224,0.04636,0.01464,-0.0244,-0.07808,-0.0976,-0.00976,-0.0488
-0.01464,0.07808,-0.14152,-0.1342,-0.12688,0.05612,0.0244,-0.03904,-0.08296,-0.11712,-0.0244,-0.06832
-0.00976,0.07564,-0.14152,-0.13664,-0.13176,0.061,0.03416,-0.03904,-0.07808,-0.122,-0.0244,-0.06832
-0.0244,0.0854,-0.1464,-0.1342,-0.122,0.0488,0.03416,-0.02928,-0.07808,-0.11712,-0.0244,-0.06832
-0.01952,0.08296,-0.1464,-0.13664,-0.12688,0.05368,0.02928,-0.02928,-0.07808,-0.11712,-0.0244,-0.06832
-0.00976,0.07564,-0.14152,-0.13664,-0.13176,0.061,0.0244,-0.02928,-0.07808,-0.122,-0.01952,-0.0732
-0.01464,0.0854,-0.15616,-0.14884,-0.14152,0.06344,0.0244,-0.02928,-0.07808,-0.122,-0.01952,-0.0732
-0.01464,0.07564,-0.13664,-0.12932,-0.122,0.05368,0.03416,-0.02928,-0.06832,-0.11224,-0.0244,-0.06344
-0.01464,0.07564,-0.13664,-0.12932,-0.122,0.05368,0.03416,-0.02928,-0.06832,-0.11224,-0.0244,-0.05368
-0.03904,0.08784,-0.13664,-0.11712,-0.0976,0.02928,0.0488,-0.01952,-0.05368,-0.11224,-0.00976,-0.04392
-0.0244,0.07808,-0.13176,-0.11956,-0.10736,0.04148,0.05856,0.01952,-0.04392,-0.11224,-0.0244,-0.05856
-0.0244,0.06588,-0.10736,-0.09516,-0.08296,0.02928,0.09272,0.10736,0.0488,-0.05856,0.00976,-0.0488
-0.03416,0.05124,-0.06832,-0.05124,-0.03416,0,0.10248,0.1464,0.122,0.02928,0.05368,-0.0244
0.0244,-0.03904,0.05368,0.04148,0.02928,-0.00244,0.12688,0.22936,0.30256,0.15616,0.16592,0.05368
0.0488,-0.10004,0.15128,0.12688,0.10248,-0.02684,0.08296,0.27816,0.47824,0.3172,0.29768,0.1464
0.122,-0.18544,0.24888,0.18788,0.12688,-0.00244,0.00976,0.22936,0.64904,0.49776,0.43432,0.23424
0.20984,-0.31232,0.4148,0.30988,0.20496,0.00244,-0.16104,0.10248,0.81984,0.67832,0.5856,0.36112
0.26352,-0.38064,0.49776,0.366,0.23424,0.01464,-0.32208,-0.06832,0.87352,0.77104,0.69296,0.45384
0.33184,-0.3904,0.44896,0.28304,0.11712,0.10736,-0.49776,-0.39528,0.58072,0.59536,0.61976,0.42944
0.27816,-0.24888,0.2196,0.08052,-0.05856,0.16836,-0.53192,-0.59048,0.13176,0.22448,0.36112,0.27816
0.09272,0.0122,-0.11712,-0.16348,-0.20984,0.15128,-0.45872,-0.81984,-0.5124,-0.27328,-0.00976,0.0488
-0.03904,0.21228,-0.38552,-0.366,-0.34648,0.15372,-0.42456,-0.99064,-0.98576,-0.57584,-0.26352,-0.11712
-0.0976,0.31232,-0.52704,-0.47824,-0.42944,0.16592,-0.43432,-1.08336,-1.21512,-0.71248,-0.35624,-0.18544
-0.06344,0.31476,-0.56608,-0.53436,-0.50264,0.2196,-0.46848,-1.03944,-1.1712,-0.7076,-0.37088,-0.22448
-0.04392,0.30988,-0.57584,-0.55388,-0.53192,0.244,-0.38064,-0.854,-1.04432,-0.66368,-0.37088,-0.23424
-0.02928,0.25376,-0.47824,-0.4636,-0.44896,0.20984,-0.27816,-0.61976,-0.81496,-0.55144,-0.3172,-0.21472
-0.03416,0.18788,-0.3416,-0.32452,-0.30744,0.13664,-0.20496,-0.4636,-0.58072,-0.40504,-0.19032,-0.13664
-0.04392,0.16836,-0.2928,-0.27084,-0.24888,0.10248,-0.16592,-0.37576,-0.47336,-0.33672,-0.16104,-0.11712
-0.03904,0.15616,-0.27328,-0.25376,-0.23424,0.0976,-0.1464,-0.30256,-0.42456,-0.30744,-0.1464,-0.11224
-0.03904,0.13176,-0.22448,-0.20496,-0.18544,0.0732,-0.06344,-0.1952,-0.31232,-0.26352,-0.13664,-0.10248
-0.03416,0.11224,-0.19032,-0.17324,-0.15616,0.061,-0.01464,-0.11712,-0.20496,-0.20496,-0.09272,-0.08784
-0.02928,0.08784,-0.1464,-0.13176,-0.11712,0.04392,0.01952,-0.08296,-0.15616,-0.15128,-0.03904,-0.06832
-0.02928,0.07808,-0.12688,-0.11224,-0.0976,0.03416,0.03904,-0.0488,-0.14152,-0.13176,-0.02928,-0.0488
-0.02928,0.08052,-0.13176,-0.11712,-0.10248,0.0366,0.03904,-0.0244,-0.11712,-0.13664,-0.02928,-0.05856
-0.0244,0.0732,-0.122,-0.1098,-0.0976,0.0366,0.0488,0.01464,-0.07808,-0.11712,-0.03416,-0.0488
-0.0244,0.0732,-0.122,-0.1098,-0.0976,0.0366,0.05368,0.01464,-0.06344,-0.11224,-0.02928,-0.0488
-0.02928,0.08052,-0.13176,-0.11712,-0.10248,0.0366,0.05856,0.01952,-0.0732,-0.122,-0.02928,-0.05368
-0.02928,0.08052,-0.13176,-0.11712,-0.10248,0.0366,0.06344,0.02928,-0.06832,-0.122,-0.02928,-0.06344
-0.04392,0.08784,-0.13176,-0.1098,-0.08784,0.02196,0.05368,0.03904,-0.03904,-0.11224,-0.01464,-0.05856
-0.03904,0.08296,-0.12688,-0.10736,-0.08784,0.0244,0.05856,0.04392,-0.03904,-0.10248,-0.01464,-0.05368
-0.03416,0.07808,-0.122,-0.10492,-0.08784,0.02684,0.06832,0.05368,-0.03904,-0.10248,-0.01952,-0.05368
-0.0244,0.0732,-0.122,-0.1098,-0.0976,0.0366,0.0732,0.05368,-0.03904,-0.0976,-0.01952,-0.05368
-0.01952,0.07076,-0.122,-0.11224,-0.10248,0.04148,0.0732,0.0488,-0.03904,-0.0976,-0.01952,-0.06344
-0.01464,0.06588,-0.11712,-0.1098,-0.10248,0.04392,0.0732,0.05368,-0.03904,-0.0976,-0.01952,-0.05368
-0.0244,0.06588,-0.10736,-0.09516,-0.08296,0.02928,0.06344,0.04392,-0.0244,-0.08784,-0.01464,-0.0488
-0.0244,0.06588,-0.10736,-0.09516,-0.08296,0.02928,0.06344,0.0488,-0.01952,-0.09272,-0.00976,-0.0488
-0.03416,0.06832,-0.10248,-0.0854,-0.06832,0.01708,0.0732,0.06344,-0.01952,-0.08784,0,-0.03904
-0.03904,0.07076,-0.10248,-0.08296,-0.06344,0.0122,0.0732,0.06832,-0.00976,-0.08296,0,-0.03904
-0.03416,0.06588,-0.0976,-0.08052,-0.06344,0.01464,0.07808,0.06344,-0.01952,-0.08296,-0.00488,-0.04392
-0.03416,0.07076,-0.10736,-0.09028,-0.0732,0.01952,0.07808,0.06344,-0.01952,-0.08296,-0.00488,-0.04392
-0.0244,0.06588,-0.10736,-0.09516,-0.08296,0.02928,0.07808,0.07808,-0.00976,-0.07808,-0.01464,-0.04392
-0.01952,0.05856,-0.0976,-0.08784,-0.07808,0.02928,0.07808,0.08296,-0.00976,-0.07808,-0.01464,-0.04392
-0.01952,0.05368,-0.08784,-0.07808,-0.06832,0.0244,0.09272,0.0732,0.00488,-0.0732,0,-0.03416
-0.01952,0.05124,-0.08296,-0.0732,-0.06344,0.02196,0.09272,0.08296,0.00976,-0.06344,0,-0.02928
-0.01952,0.04392,-0.06832,-0.05856,-0.0488,0.01464,0.08784,0.09272,0.00976,-0.05368,0.00488,-0.03904
-0.01952,0.0488,-0.07808,-0.06832,-0.05856,0.01952,0.08784,0.0976,0.01952,-0.05368,0.00488,-0.03416
-0.01464,0.03904,-0.06344,-0.05612,-0.0488,0.01708,0.08296,0.10248,0.01952,-0.05856,0.00976,-0.02928
-0.00976,0.03416,-0.05856,-0.05368,-0.0488,0.01952,0.08296,0.11224,0.03416,-0.05856,0.00976,-0.02928
0,0.02928,-0.05856,-0.05856,-0.05856,0.02928,0.09272,0.122,0.0244,-0.06344,0.00976,-0.03416
0,0.03172,-0.06344,-0.06344,-0.06344,0.03172,0.09272,0.13176,0.03904,-0.05856,0.00976,-0.03416
-0.00976,0.03416,-0.05856,-0.05368,-0.0488,0.01952,0.09272,0.14152,0.05856,-0.04392,0.01464,-0.0244
0,0.02928,-0.05856,-0.05856,-0.05856,0.02928,0.09272,0.1464,0.06344,-0.02928,0.0244,-0.01952
0,0.01952,-0.03904,-0.03904,-0.03904,0.01952,0.09272,0.15128,0.07808,-0.0244,0.0244,-0.00488
0,0.0122,-0.0244,-0.0244,-0.0244,0.0122,0.0976,0.16592,0.08784,-0.01464,0.03416,0
-0.00488,0.01464,-0.0244,-0.02196,-0.01952,0.00732,0.0976,0.18544,0.10248,-0.00488,0.03416,0
0,0.00976,-0.01952,-0.01952,-0.01952,0.00976,0.0976,0.20008,0.11712,-0.00488,0.04392,0.01464
-0.00976,0.00244,0.00488,0.00976,0.01464,-0.0122,0.08784,0.20496,0.11712,0.01464,0.05368,0.01464
0,-0.00976,0.01952,0.01952,0.01952,-0.00976,0.08784,0.21472,0.14152,0.0244,0.05856,0.01464
0.01952,-0.02928,0.03904,0.02928,0.01952,0,0.09272,0.23912,0.1708,0.03904,0.08784,0.03416
0.01952,-0.04148,0.06344,0.05368,0.04392,-0.0122,0.10248,0.25376,0.1952,0.06344,0.0976,0.05856
0.0244,-0.0488,0.0732,0.061,0.0488,-0.0122,0.0976,0.25864,0.21472,0.07808,0.11224,0.0732
0.02928,-0.06588,0.10248,0.08784,0.0732,-0.02196,0.0976,0.27328,0.244,0.09272,0.12688,0.08784
0.03416,-0.09028,0.1464,0.12932,0.11224,-0.03904,0.0976,0.28304,0.2684,0.13176,0.15128,0.10248
0.02928,-0.09272,0.15616,0.14152,0.12688,-0.0488,0.08784,0.2928,0.2928,0.15128,0.16104,0.122
0.03904,-0.122,0.20496,0.18544,0.16592,-0.06344,0.0732,0.29768,0.32208,0.18544,0.20008,0.13664
0.04392,-0.1342,0.22448,0.20252,0.18056,-0.06832,0.06344,0.30256,0.3416,0.20496,0.22448,0.15616
0.0488,-0.14396,0.23912,0.21472,0.19032,-0.07076,0.06832,0.30256,0.35136,0.21472,0.23424,0.18056
0.0488,-0.15128,0.25376,0.22936,0.20496,-0.07808,0.06344,0.29768,0.37576,0.23424,0.25376,0.18544
0.0488,-0.1586,0.2684,0.244,0.2196,-0.0854,0.05368,0.29768,0.3904,0.25376,0.26352,0.20984
0.05368,-0.17568,0.29768,0.27084,0.244,-0.09516,0.04392,0.28792,0.40016,0.2684,0.28304,0.21472
0.05856,-0.17568,0.2928,0.26352,0.23424,-0.08784,0.03416,0.27328,0.40016,0.2684,0.27816,0.2196
0.05856,-0.17812,0.29768,0.2684,0.23912,-0.09028,0.03416,0.25864,0.3904,0.2684,0.27816,0.2196
0.06344,-0.18056,0.29768,0.26596,0.23424,-0.0854,0.01952,0.26352,0.39528,0.27816,0.2928,0.22448
0.05856,-0.18056,0.30256,0.27328,0.244,-0.09272,0.0244,0.24888,0.39528,0.27816,0.2928,0.22448
0.06344,-0.18056,0.29768,0.26596,0.23424,-0.0854,0.0244,0.22448,0.38552,0.26352,0.28304,0.2196
0.0732,-0.18544,0.29768,0.26108,0.22448,-0.07564,0.00976,0.2196,0.366,0.25864,0.27816,0.21472
0.06832,-0.17568,0.28304,0.24888,0.21472,-0.0732,0.00976,0.21472,0.36112,0.25864,0.2684,0.20496
0.05856,-0.15616,0.25376,0.22448,0.1952,-0.06832,0.01464,0.20496,0.35136,0.23912,0.25376,0.1952
0.05368,-0.1464,0.23912,0.21228,0.18544,-0.06588,0.01464,0.19032,0.32696,0.22448,0.23424,0.18544
0.03416,-0.11956,0.20496,0.18788,0.1708,-0.06832,0,0.17568,0.30256,0.20496,0.20984,0.16104
0.04392,-0.11468,0.18544,0.16348,0.14152,-0.0488,0,0.16104,0.28304,0.19032,0.20496,0.16104
0.0488,-0.1098,0.1708,0.1464,0.122,-0.0366,0.00976,0.1464,0.25376,0.1708,0.1952,0.14152
0.03904,-0.09272,0.1464,0.12688,0.10736,-0.03416,0.01464,0.14152,0.23912,0.1464,0.1708,0.122
0.03416,-0.07564,0.11712,0.10004,0.08296,-0.0244,0.00488,0.12688,0.20496,0.12688,0.1464,0.0976
0.0244,-0.05368,0.08296,0.07076,0.05856,-0.01708,0.00976,0.11712,0.17568,0.10248,0.122,0.07808
0.0244,-0.04636,0.06832,0.05612,0.04392,-0.00976,0.0244,0.0976,0.15616,0.08784,0.10248,0.05856
0.02928,-0.04392,0.05856,0.04392,0.02928,0,0.02928,0.08296,0.12688,0.05368,0.08296,0.05368
0.0244,-0.03416,0.04392,0.03172,0.01952,0.00244,0.02928,0.07808,0.10736,0.03904,0.07808,0.04392
0.01952,-0.01952,0.01952,0.00976,0,0.00976,0.02928,0.05368,0.08784,0.0244,0.05368,0.02928
0.00976,-0.00732,0.00488,0,-0.00488,0.00732,0.03416,0.04392,0.0732,0.00976,0.0488,0.0244
0.00976,0,-0.00976,-0.01464,-0.01952,0.01464,0.01952,0.04392,0.0488,0,0.03416,0.00488
0.00488,0.0122,-0.02928,-0.03172,-0.03416,0.01952,0.01464,0.03904,0.03416,-0.00976,0.02928,-0.00488
0.00488,0.01464,-0.03416,-0.0366,-0.03904,0.02196,0.01464,0.01464,0.01952,-0.00976,0.01952,-0.00488
0,0.02196,-0.04392,-0.04392,-0.04392,0.02196,0.01464,0.01464,0.00976,-0.01952,0.00976,-0.00488
0,0.01952,-0.03904,-0.03904,-0.03904,0.01952,0.0244,0.01464,0.00488,-0.03416,0,-0.00488
-0.00488,0.0244,-0.04392,-0.04148,-0.03904,0.01708,0.01952,0.00488,-0.00488,-0.03416,-0.00488,-0.00976
-0.00488,0.02928,-0.05368,-0.05124,-0.0488,0.02196,0.01464,0.00488,-0.00976,-0.0488,0,-0.01952
-0.00976,0.03904,-0.06832,-0.06344,-0.05856,0.0244,0.01464,-0.00488,-0.01952,-0.0488,-0.00488,-0.01952
-0.01464,0.03904,-0.06344,-0.05612,-0.0488,0.01708,0.01464,-0.01464,-0.0244,-0.0488,-0.01952,-0.01952
-0.00976,0.03904,-0.06832,-0.06344,-0.05856,0.0244,0.01464,-0.00976,-0.02928,-0.0488,-0.01464,-0.01952
-0.00488,0.0366,-0.06832,-0.06588,-0.06344,0.02928,0.01464,0,-0.02928,-0.0488,-0.00976,-0.0244
-0.00488,0.03904,-0.0732,-0.07076,-0.06832,0.03172,0.01464,-0.00488,-0.0244,-0.0488,-0.00976,-0.02928
0.00488,0.03172,-0.06832,-0.07076,-0.0732,0.03904,0.0244,-0.00976,-0.0244,-0.0488,-0.00976,-0.02928
0.00488,0.03416,-0.0732,-0.07564,-0.07808,0.04148,0.0244,-0.00488,-0.0244,-0.05368,-0.01464,-0.02928
-0.00488,0.04148,-0.07808,-0.07564,-0.0732,0.03416,0.01952,-0.00488,-0.0244,-0.06832,-0.01952,-0.03904
-0.00976,0.04636,-0.08296,-0.07808,-0.0732,0.03172,0.00976,-0.00976,-0.0244,-0.06832,-0.01952,-0.03904
-0.01464,0.04636,-0.07808,-0.07076,-0.06344,0.0244,0.00976,-0.01464,-0.03416,-0.05368,-0.01464,-0.04392
-0.01464,0.05124,-0.08784,-0.08052,-0.0732,0.02928,0.00488,-0.01464,-0.03904,-0.06344,-0.0244,-0.04392
-0.01464,0.04636,-0.07808,-0.07076,-0.06344,0.0244,0.00976,-0.00488,-0.02928,-0.06344,-0.0244,-0.03416
-0.00488,0.03904,-0.0732,-0.07076,-0.06832,0.03172,0.0244,0,-0.03416,-0.06344,-0.0244,-0.03416
-0.01464,0.0488,-0.08296,-0.07564,-0.06832,0.02684,0.0244,-0.00976,-0.04392,-0.06344,-0.0244,-0.03904
-0.00976,0.04392,-0.07808,-0.0732,-0.06832,0.02928,0.00976,-0.00976,-0.04392,-0.06344,-0.0244,-0.03904
-0.00488,0.04148,-0.07808,-0.07564,-0.0732,0.03416,0.01464,0,-0.03416,-0.0732,-0.03416,-0.03904
-0.00488,0.04392,-0.08296,-0.08052,-0.07808,0.0366,0.01952,0,-0.03904,-0.07808,-0.03416,-0.03904
-0.00488,0.04636,-0.08784,-0.0854,-0.08296,0.03904,0.01952,0.00976,-0.0488,-0.07808,-0.04392,-0.0488
-0.00488,0.04636,-0.08784,-0.0854,-0.08296,0.03904,0.03416,0.00976,-0.0488,-0.07808,-0.03904,-0.0488
-0.01464,0.0488,-0.08296,-0.07564,-0.06832,0.02684,0.02928,0.00488,-0.05368,-0.0732,-0.03416,-0.04392
-0.01464,0.0488,-0.08296,-0.07564,-0.06832,0.02684,0.0244,0.00488,-0.0488,-0.0732,-0.03416,-0.04392
-0.00488,0.04392,-0.08296,-0.08052,-0.07808,0.0366,0.0244,0.00976,-0.03904,-0.0732,-0.03904,-0.04392
-0.00488,0.04392,-0.08296,-0.08052,-0.07808,0.0366,0.0244,0.00976,-0.03904,-0.0732,-0.03904,-0.04392
-0.00976,0.03904,-0.06832,-0.06344,-0.05856,0.0244,0.0244,0.00976,-0.04392,-0.06832,-0.02928,-0.03904
-0.01952,0.04392,-0.06832,-0.05856,-0.0488,0.01464,0.01952,0.00976,-0.04392,-0.06344,-0.03416,-0.03904
-0.01952,0.0488,-0.07808,-0.06832,-0.05856,0.01952,0.0244,0.00976,-0.04392,-0.0732,-0.03904,-0.04392
-0.01464,0.05124,-0.08784,-0.08052,-0.0732,0.02928,0.0244,0.00976,-0.04392,-0.06832,-0.04392,-0.04392
-0.00976,0.04392,-0.07808,-0.0732,-0.06832,0.02928,0.03416,0.00488,-0.0488,-0.05856,-0.02928,-0.03416
-0.00488,0.03172,-0.05856,-0.05612,-0.05368,0.0244,0.03416,0.00488,-0.04392,-0.06832,-0.02928,-0.02928
-0.00488,0.03172,-0.05856,-0.05612,-0.05368,0.0244,0.0244,0.01464,-0.03416,-0.04392,-0.03416,-0.02928
-0.00976,0.03172,-0.05368,-0.0488,-0.04392,0.01708,0.01952,0.00976,-0.03416,-0.04392,-0.02928,-0.02928
-0.01952,0.03904,-0.05856,-0.0488,-0.03904,0.00976,0.01952,0.00488,-0.04392,-0.04392,-0.02928,-0.03416
-0.01464,0.03416,-0.05368,-0.04636,-0.03904,0.0122,0.0244,0,-0.04392,-0.05368,-0.0244,-0.03416
-0.01464,0.0366,-0.05856,-0.05124,-0.04392,0.01464,0.03416,0.00976,-0.02928,-0.05368,-0.03416,-0.03416
-0.01464,0.0366,-0.05856,-0.05124,-0.04392,0.01464,0.03416,0.00976,-0.03416,-0.04392,-0.03416,-0.03416
-0.01464,0.03172,-0.0488,-0.04148,-0.03416,0.00976,0.02928,0,-0.02928,-0.03416,-0.0244,-0.0244
-0.01464,0.03172,-0.0488,-0.04148,-0.03416,0.00976,0.02928,0,-0.02928,-0.03416,-0.0244,-0.01952
0.00488,0.01952,-0.04392,-0.04636,-0.0488,0.02684,0.01952,0.00488,-0.03416,-0.02928,-0.01952,-0.02928
0,0.02196,-0.04392,-0.04392,-0.04392,0.02196,0.01952,0,-0.03416,-0.02928,-0.01952,-0.02928
-0.00976,0.0244,-0.03904,-0.03416,-0.02928,0.00976,0.01952,0,-0.0244,-0.02928,-0.01952,-0.01464
-0.00976,0.02684,-0.04392,-0.03904,-0.03416,0.0122,0.00488,0,-0.0244,-0.02928,-0.01952,-0.01464
0,0.01952,-0.03904,-0.03904,-0.03904,0.01952,0.01952,0.00488,-0.01464,-0.01952,-0.01952,-0.02928
0.00488,0.01708,-0.03904,-0.04148,-0.04392,0.0244,0.01952,0.00488,-0.01464,-0.01952,-0.01952,-0.02928
0.00488,0.01952,-0.04392,-0.04636,-0.0488,0.02684,0.01464,-0.00488,-0.0244,-0.01952,-0.01952,-0.02928
0.00488,0.02196,-0.0488,-0.05124,-0.05368,0.02928,0.00976,-0.00488,-0.0244,-0.01952,-0.01952,-0.02928
0.00488,0.01952,-0.04392,-0.04636,-0.0488,0.02684,0.00976,-0.00488,-0.0244,-0.0244,-0.01952,-0.0244
0.00488,0.01464,-0.03416,-0.0366,-0.03904,0.02196,0.00976,-0.00488,-0.0244,-0.0244,-0.01952,-0.01464
0.00488,0.02196,-0.0488,-0.05124,-0.05368,0.02928,0.00976,0.00488,-0.02928,-0.0244,-0.00976,-0.01952
0.00488,0.02196,-0.0488,-0.05124,-0.05368,0.02928,0.01464,0.00488,-0.0244,-0.0244,-0.01464,-0.0244
0,0.0244,-0.0488,-0.0488,-0.0488,0.0244,0.01464,-0.00976,-0.01464,-0.0244,-0.0244,-0.03416
0.00488,0.02196,-0.0488,-0.05124,-0.05368,0.02928,0.00976,-0.00976,-0.0244,-0.02928,-0.02928,-0.03416
0.01464,0.01952,-0.05368,-0.061,-0.06832,0.04148,0.00488,0,-0.02928,-0.02928,-0.01464,-0.02928
0.01464,0.01952,-0.05368,-0.061,-0.06832,0.04148,0.00488,0,-0.02928,-0.02928,-0.01464,-0.0244
0.00488,0.02196,-0.0488,-0.05124,-0.05368,0.02928,0.01464,-0.00488,-0.0244,-0.02928,-0.0244,-0.03416
0.00488,0.01952,-0.04392,-0.04636,-0.0488,0.02684,0.01464,0,-0.0244,-0.02928,-0.0244,-0.03416
-0.00488,0.02928,-0.05368,-0.05124,-0.0488,0.02196,0.00976,-0.01464,-0.03416,-0.02928,-0.0244,-0.02928
-0.00488,0.03172,-0.05856,-0.05612,-0.05368,0.0244,0.00976,-0.01464,-0.03904,-0.02928,-0.03416,-0.02928
-0.01464,0.03416,-0.05368,-0.04636,-0.03904,0.0122,0.00488,-0.00488,-0.03904,-0.01952,-0.01952,-0.02928
-0.00976,0.03172,-0.05368,-0.0488,-0.04392,0.01708,-0.00488,-0.00488,-0.03904,-0.0244,-0.0244,-0.03416
-0.00488,0.0244,-0.04392,-0.04148,-0.03904,0.01708,0.00976,-0.00488,-0.0244,-0.0244,-0.01464,-0.0244
0,0.02196,-0.04392,-0.04392,-0.04392,0.02196,0.01952,-0.00488,-0.03416,-0.0244,-0.00976,-0.0244
0.00976,0.02196,-0.05368,-0.05856,-0.06344,0.0366,0.00976,-0.00488,-0.03416,-0.03416,-0.02928,-0.02928
0.00976,0.02196,-0.05368,-0.05856,-0.06344,0.0366,0.01464,-0.00488,-0.02928,-0.02928,-0.0244,-0.03904
0.00976,0.0244,-0.05856,-0.06344,-0.06832,0.03904,0.00976,-0.00976,-0.04392,-0.03416,-0.0244,-0.03416
-0.00488,0.03172,-0.05856,-0.05612,-0.05368,0.0244,0.01464,-0.00976,-0.04392,-0.03416,-0.0244,-0.03416
-0.00976,0.03172,-0.05368,-0.0488,-0.04392,0.01708,0.01464,-0.00488,-0.03416,-0.0244,-0.01952,-0.0244
-0.00488,0.02684,-0.0488,-0.04636,-0.04392,0.01952,0.00976,-0.01464,-0.03416,-0.0244,-0.01952,-0.0244
-0.00488,0.03172,-0.05856,-0.05612,-0.05368,0.0244,0.00976,-0.00976,-0.03416,-0.01464,-0.01952,-0.0244
0,0.03172,-0.06344,-0.06344,-0.06344,0.03172,0.00976,-0.00976,-0.03904,-0.01952,-0.01464,-0.0244
0,0.03172,-0.06344,-0.06344,-0.06344,0.03172,0.00976,-0.01952,-0.0488,-0.0244,-0.0244,-0.02928
-0.00488,0.03416,-0.06344,-0.061,-0.05856,0.02684,0.00976,-0.01952,-0.0488,-0.03416,-0.0244,-0.04392
0,0.03416,-0.06832,-0.06832,-0.06832,0.03416,0.00488,-0.00976,-0.0488,-0.03416,-0.03904,-0.03904
0.00488,0.03172,-0.06832,-0.07076,-0.0732,0.03904,0.00488,-0.00976,-0.0488,-0.03904,-0.03904,-0.03416
-0.00976,0.03904,-0.06832,-0.06344,-0.05856,0.0244,0.01464,-0.00488,-0.0488,-0.03904,-0.02928,-0.0488
-0.00976,0.04148,-0.0732,-0.06832,-0.06344,0.02684,0.00976,-0.00976,-0.0488,-0.03904,-0.02928,-0.0488
0,0.03416,-0.06832,-0.06832,-0.06832,0.03416,0.01952,-0.00976,-0.03416,-0.03416,-0.02928,-0.03904
0,0.03416,-0.06832,-0.06832,-0.06832,0.03416,0.01952,-0.00976,-0.03904,-0.03904,-0.02928,-0.03904
0,0.02928,-0.05856,-0.05856,-0.05856,0.02928,0.01464,-0.00976,-0.03904,-0.02928,-0.01952,-0.03904
-0.00488,0.02928,-0.05368,-0.05124,-0.0488,0.02196,0.01464,-0.00976,-0.03904,-0.02928,-0.01952,-0.03904
0,0.02196,-0.04392,-0.04392,-0.04392,0.02196,0.00488,-0.01952,-0.0488,-0.03904,-0.0244,-0.04392
0.00488,0.02196,-0.0488,-0.05124,-0.05368,0.02928,0.00488,-0.01952,-0.04392,-0.03416,-0.02928,-0.04392
-0.00976,0.03416,-0.05856,-0.05368,-0.0488,0.01952,-0.00488,-0.01952,-0.05368,-0.04392,-0.04392,-0.03904
-0.00976,0.03904,-0.06832,-0.06344,-0.05856,0.0244,-0.00488,-0.01464,-0.0488,-0.03904,-0.03416,-0.03904
0,0.03416,-0.06832,-0.06832,-0.06832,0.03416,0,-0.01464,-0.04392,-0.0244,-0.03416,-0.03416
0,0.02928,-0.05856,-0.05856,-0.05856,0.02928,0.00976,-0.01464,-0.04392,-0.0244,-0.02928,-0.03416
0.01464,0.01708,-0.0488,-0.05612,-0.06344,0.03904,0.0244,0,-0.03904,-0.0244,-0.03416,-0.04392
0.01464,0.02684,-0.06832,-0.07564,-0.08296,0.0488,0.01952,-0.00976,-0.0488,-0.03416,-0.04392,-0.03904
0.00488,0.02196,-0.0488,-0.05124,-0.05368,0.02928,0.00976,-0.01952,-0.03904,-0.02928,-0.03904,-0.03904
-0.00488,0.02684,-0.0488,-0.04636,-0.04392,0.01952,0.00976,-0.01952,-0.03904,-0.02928,-0.03904,-0.03904
0,0.02684,-0.05368,-0.05368,-0.05368,0.02684,0.00976,-0.01464,-0.04392,-0.02928,-0.03416,-0.03904
0.00488,0.01708,-0.03904,-0.04148,-0.04392,0.0244,0.00976,-0.00976,-0.02928,-0.01952,-0.01952,-0.02928
0.00488,0.00976,-0.0244,-0.02684,-0.02928,0.01708,0.00488,-0.00488,-0.0244,-0.01464,-0.01952,-0.0244
0.00488,0.00244,-0.00976,-0.0122,-0.01464,0.00976,-0.00488,-0.00488,-0.01952,-0.00976,-0.01464,-0.0244
0.01464,-0.00732,0,-0.00732,-0.01464,0.01464,0,0.00488,-0.01464,0.00488,-0.00976,-0.01464
0.01464,-0.00976,0.00488,-0.00244,-0.00976,0.0122,0.01952,0.00976,-0.00976,0.00976,-0.00976,-0.00976
0,0.00976,-0.01952,-0.01952,-0.01952,0.00976,0.01952,0,-0.01464,0.00488,-0.01952,-0.00976
0,0.00732,-0.01464,-0.01464,-0.01464,0.00732,0.00976,0.00488,-0.00976,0.00488,-0.01952,-0.01464
0,0.00732,-0.01464,-0.01464,-0.01464,0.00732,0.00488,0.00488,-0.01952,0.00488,-0.01464,-0.01952
0,-0.00488,0.00976,0.00976,0.00976,-0.00488,0.00976,0,-0.00488,0.01464,-0.00488,-0.00976
0.00488,-0.0122,0.01952,0.01708,0.01464,-0.00488,0.00976,0.00488,0,0.01464,0,-0.00488
0.00488,-0.0122,0.01952,0.01708,0.01464,-0.00488,-0.00976,-0.01464,-0.00488,0.01952,0.00488,0
0.0244,-0.03904,0.05368,0.04148,0.02928,-0.00244,-0.01464,-0.0244,0,0.02928,0.01952,0.00488
0.02928,-0.04148,0.05368,0.03904,0.0244,0.00244,-0.03416,-0.03416,-0.00488,0.02928,0.0244,0.01464
0.0488,-0.05612,0.06344,0.03904,0.01464,0.01708,-0.03904,-0.03416,0,0.03904,0.01952,0.01952
0.04392,-0.05368,0.06344,0.04148,0.01952,0.0122,-0.03904,-0.03904,-0.00976,0.03904,0.01952,0.01952
0.04392,-0.05856,0.0732,0.05124,0.02928,0.00732,-0.03904,-0.03904,0,0.02928,0.01952,0.01952
0.04392,-0.0488,0.05368,0.03172,0.00976,0.01708,-0.04392,-0.04392,-0.01464,0.0244,0.00976,0.01464
0.0488,-0.04392,0.03904,0.01464,-0.00976,0.02928,-0.03416,-0.0244,-0.0244,0.01952,0.00488,0.01464
0.04392,-0.03416,0.0244,0.00244,-0.01952,0.03172,-0.02928,-0.0244,-0.03416,0.00976,-0.00976,0.00488
0.03416,-0.02196,0.00976,-0.00732,-0.0244,0.02928,-0.03904,-0.02928,-0.03416,0.00488,-0.01464,0
0.0244,-0.00732,-0.00976,-0.02196,-0.03416,0.02928,-0.02928,-0.03904,-0.04392,-0.00488,-0.0244,-0.01952
0.02928,0.00244,-0.03416,-0.0488,-0.06344,0.04636,-0.01952,-0.02928,-0.0488,-0.01952,-0.02928,-0.02928
0.0244,0.00488,-0.03416,-0.04636,-0.05856,0.04148,-0.00976,-0.03416,-0.0488,-0.01952,-0.02928,-0.02928
0.01952,0.01952,-0.05856,-0.06832,-0.07808,0.0488,0,-0.03416,-0.05856,-0.03416,-0.04392,-0.03904
0.00976,0.02684,-0.06344,-0.06832,-0.0732,0.04148,0.00488,-0.03416,-0.06344,-0.03904,-0.04392,-0.0488
0,0.0366,-0.0732,-0.0732,-0.0732,0.0366,0.00976,-0.03416,-0.06344,-0.0488,-0.05368,-0.0488
-0.01464,0.04636,-0.07808,-0.07076,-0.06344,0.0244,0,-0.03416,-0.06832,-0.05368,-0.05368,-0.05368
-0.01464,0.05124,-0.08784,-0.08052,-0.0732,0.02928,-0.00976,-0.03904,-0.09272,-0.05856,-0.08296,-0.0732
0.00488,0.04392,-0.09272,-0.09516,-0.0976,0.05124,0.00488,-0.03904,-0.08784,-0.05368,-0.08296,-0.07808
0,0.0488,-0.0976,-0.0976,-0.0976,0.0488,0.01464,-0.02928,-0.07808,-0.04392,-0.0732,-0.07808
-0.00488,0.05124,-0.0976,-0.09516,-0.09272,0.04392,0.01464,-0.02928,-0.07808,-0.0488,-0.0732,-0.07808
-0.00976,0.05612,-0.10248,-0.0976,-0.09272,0.04148,0,-0.03904,-0.07808,-0.0488,-0.08296,-0.07808
-0.01464,0.061,-0.10736,-0.10004,-0.09272,0.03904,0.00488,-0.03904,-0.07808,-0.05856,-0.07808,-0.0732
-0.01464,0.061,-0.10736,-0.10004,-0.09272,0.03904,0.01464,-0.03904,-0.07808,-0.05368,-0.06832,-0.0732
-0.01464,0.061,-0.10736,-0.10004,-0.09272,0.03904,0.01464,-0.03904,-0.07808,-0.05368,-0.0732,-0.0732
-0.04392,0.09028,-0.13664,-0.11468,-0.09272,0.0244,0.00488,-0.03904,-0.07808,-0.05368,-0.07808,-0.0732
-0.01952,0.05612,-0.09272,-0.08296,-0.0732,0.02684,0.01952,-0.0244,-0.08296,-0.04392,-0.07808,-0.07808
-0.0244,0.0488,-0.0732,-0.061,-0.0488,0.0122,0.05856,0.06344,0,-0.01952,-0.0732,-0.06344
0.00488,0.00488,-0.01464,-0.01708,-0.01952,0.0122,0.08296,0.11224,0.0732,0.02928,-0.0244,-0.03904
0.00976,-0.0244,0.03904,0.03416,0.02928,-0.00976,0.08296,0.17568,0.17568,0.13664,0.05368,0.00488
0.03904,-0.0854,0.13176,0.11224,0.09272,-0.02684,0.08784,0.24888,0.34648,0.27328,0.15128,0.06344
0.08296,-0.14396,0.20496,0.16348,0.122,-0.01952,0.02928,0.2684,0.51728,0.40504,0.26352,0.1464
0.16592,-0.25376,0.3416,0.25864,0.17568,-0.00488,-0.0488,0.1708,0.66856,0.57584,0.40992,0.26352
0.25864,-0.36356,0.46848,0.33916,0.20984,0.0244,-0.19032,0.01952,0.78568,0.72224,0.54656,0.366
0.31232,-0.40504,0.49776,0.3416,0.18544,0.06344,-0.3904,-0.26352,0.64416,0.67832,0.55144,0.38552
0.3172,-0.35868,0.40016,0.24156,0.08296,0.11712,-0.49288,-0.55632,0.31232,0.41968,0.40992,0.3416
0.19032,-0.12932,0.06832,-0.02684,-0.122,0.15616,-0.43432,-0.74176,-0.23424,-0.01952,0.08784,0.13664
0,0.0976,-0.1952,-0.1952,-0.1952,0.0976,-0.4148,-1.0004,-0.78568,-0.38552,-0.20496,-0.05368
-0.0976,0.24644,-0.39528,-0.34648,-0.29768,0.10004,-0.38552,-1.08824,-1.10776,-0.5856,-0.37088,-0.1952
-0.08784,0.27084,-0.45384,-0.40992,-0.366,0.13908,-0.44896,-1.16144,-1.18584,-0.62952,-0.40992,-0.2196
-0.07808,0.30256,-0.52704,-0.488,-0.44896,0.18544,-0.43432,-1.0492,-1.1224,-0.64416,-0.42944,-0.25864
-0.05368,0.26596,-0.47824,-0.4514,-0.42456,0.18544,-0.37088,-0.81984,-0.94672,-0.54656,-0.38552,-0.24888
-0.05368,0.19276,-0.33184,-0.305,-0.27816,0.11224,-0.2928,-0.60024,-0.69784,-0.40016,-0.30256,-0.17568
-0.04392,0.14884,-0.25376,-0.2318,-0.20984,0.08296,-0.20984,-0.45384,-0.52216,-0.30744,-0.22936,-0.14152
-0.0488,0.13176,-0.21472,-0.19032,-0.16592,0.05856,-0.15128,-0.36112,-0.44408,-0.26352,-0.20008,-0.11224
-0.02928,0.09516,-0.16104,-0.1464,-0.13176,0.05124,-0.11224,-0.28304,-0.36112,-0.22448,-0.1708,-0.10248
-0.03416,0.08784,-0.14152,-0.12444,-0.10736,0.0366,-0.06344,-0.18544,-0.28792,-0.18056,-0.16104,-0.10248
-0.02928,0.0732,-0.11712,-0.10248,-0.08784,0.02928,-0.02928,-0.11224,-0.19032,-0.12688,-0.13176,-0.08296
-0.03904,0.05368,-0.06832,-0.0488,-0.02928,-0.00488,0.00488,-0.05856,-0.13664,-0.08296,-0.08784,-0.03904
-0.02928,0.0488,-0.06832,-0.05368,-0.03904,0.00488,0.01464,-0.03904,-0.122,-0.07808,-0.07808,-0.0488
-0.01952,0.04636,-0.0732,-0.06344,-0.05368,0.01708,0.0244,-0.00976,-0.08784,-0.06832,-0.08296,-0.06832
-0.01464,0.0488,-0.08296,-0.07564,-0.06832,0.02684,0.03416,0.00488,-0.07808,-0.06344,-0.08784,-0.07808
-0.01464,0.0488,-0.08296,-0.07564,-0.06832,0.02684,0.03416,0.00488,-0.07808,-0.06344,-0.0976,-0.07808
-0.01952,0.04636,-0.0732,-0.06344,-0.05368,0.01708,0.03904,0,-0.0732,-0.05368,-0.08784,-0.06832
-0.01952,0.04148,-0.06344,-0.05368,-0.04392,0.0122,0.04392,0.01464,-0.0488,-0.0488,-0.0732,-0.06344
-0.0244,0.0488,-0.0732,-0.061,-0.0488,0.0122,0.05856,0.03416,-0.0488,-0.0488,-0.08296,-0.06832
-0.01952,0.04148,-0.06344,-0.05368,-0.04392,0.0122,0.05856,0.03416,-0.0488,-0.0488,-0.08296,-0.06832
-0.00976,0.04148,-0.0732,-0.06832,-0.06344,0.02684,0.0488,0.0244,-0.05856,-0.05368,-0.07808,-0.0732
-0.00976,0.04148,-0.0732,-0.06832,-0.06344,0.02684,0.04392,0.02928,-0.06832,-0.05856,-0.07808,-0.0732
-0.00976,0.03416,-0.05856,-0.05368,-0.0488,0.01952,0.05368,0.04392,-0.0488,-0.0488,-0.06832,-0.06344
-0.00488,0.03172,-0.05856,-0.05612,-0.05368,0.0244,0.06344,0.04392,-0.03904,-0.02928,-0.06344,-0.06344
-0.01464,0.0366,-0.05856,-0.05124,-0.04392,0.01464,0.06344,0.0488,-0.03416,-0.03416,-0.05856,-0.0488
-0.01464,0.03416,-0.05368,-0.04636,-0.03904,0.0122,0.06344,0.05368,-0.02928,-0.02928,-0.05856,-0.0488
-0.01952,0.0366,-0.05368,-0.04392,-0.03416,0.00732,0.05368,0.05856,-0.02928,-0.02928,-0.06832,-0.05856
-0.01464,0.02684,-0.03904,-0.03172,-0.0244,0.00488,0.05856,0.05856,-0.01952,-0.0244,-0.06832,-0.05856
-0.01464,0.02684,-0.03904,-0.03172,-0.0244,0.00488,0.06832,0.06344,-0.01952,-0.03416,-0.06344,-0.05368
-0.01464,0.03172,-0.0488,-0.04148,-0.03416,0.00976,0.07808,0.06344,-0.01464,-0.03416,-0.06344,-0.05368
-0.00488,0.0244,-0.04392,-0.04148,-0.03904,0.01708,0.06832,0.06832,-0.01952,-0.02928,-0.06344,-0.05368
0,0.01952,-0.03904,-0.03904,-0.03904,0.01952,0.0732,0.0732,-0.01952,-0.02928,-0.05856,-0.05368
-0.00976,0.0244,-0.03904,-0.03416,-0.02928,0.00976,0.06344,0.07808,0,-0.0244,-0.05856,-0.04392
-0.00976,0.01952,-0.02928,-0.0244,-0.01952,0.00488,0.05856,0.08296,0,-0.01464,-0.05368,-0.03904
0,0.01464,-0.02928,-0.02928,-0.02928,0.01464,0.06832,0.09272,0.00488,-0.01464,-0.05368,-0.03416
0.00488,0.00732,-0.01952,-0.02196,-0.0244,0.01464,0.0732,0.0976,0.00976,-0.00976,-0.0488,-0.03416
-0.00488,0.01464,-0.0244,-0.02196,-0.01952,0.00732,0.0732,0.10736,0.01464,-0.00976,-0.03904,-0.03904
-0.00976,0.00976,-0.00976,-0.00488,0,-0.00488,0.0732,0.11224,0.0244,-0.00488,-0.03416,-0.03904
0,0.00732,-0.01464,-0.01464,-0.01464,0.00732,0.06344,0.11712,0.0244,0,-0.03904,-0.04392
0,0.00488,-0.00976,-0.00976,-0.00976,0.00488,0.06344,0.11224,0.03416,0.00488,-0.03904,-0.04392
0.00488,0.00244,-0.00976,-0.0122,-0.01464,0.00976,0.0732,0.122,0.03416,0.00976,-0.02928,-0.03416
0.00976,-0.00488,0,-0.00488,-0.00976,0.00976,0.0732,0.13664,0.04392,0.01952,-0.0244,-0.0244
0.01952,-0.02196,0.0244,0.01464,0.00488,0.00732,0.07808,0.15128,0.06344,0.02928,-0.00488,-0.01464
0.01952,-0.03416,0.0488,0.03904,0.02928,-0.00488,0.07808,0.16104,0.07808,0.03904,0,-0.00976
0.01952,-0.03172,0.04392,0.03416,0.0244,-0.00244,0.07808,0.18056,0.0976,0.04392,0,-0.01464
0.01952,-0.03416,0.0488,0.03904,0.02928,-0.00488,0.07808,0.20008,0.11224,0.05368,0.00976,0
0.01952,-0.04392,0.06832,0.05856,0.0488,-0.01464,0.07808,0.20008,0.11712,0.06344,0.01952,0.01464
0.0244,-0.05612,0.08784,0.07564,0.06344,-0.01952,0.07808,0.2196,0.14152,0.08296,0.02928,0.0244
0.02928,-0.06588,0.10248,0.08784,0.0732,-0.02196,0.07808,0.22936,0.16104,0.0976,0.04392,0.03416
0.02928,-0.07564,0.122,0.10736,0.09272,-0.03172,0.07808,0.244,0.18544,0.12688,0.06344,0.05368
0.02928,-0.08296,0.13664,0.122,0.10736,-0.03904,0.07808,0.26352,0.1952,0.13176,0.0732,0.05856
0.02928,-0.0976,0.16592,0.15128,0.13664,-0.05368,0.07808,0.2684,0.22448,0.15616,0.0976,0.08296
0.05368,-0.12932,0.20496,0.17812,0.15128,-0.0488,0.06832,0.27816,0.25864,0.17568,0.11224,0.09272
0.0488,-0.1342,0.2196,0.1952,0.1708,-0.061,0.05368,0.28792,0.28792,0.20496,0.13664,0.11712
0.05368,-0.14884,0.244,0.21716,0.19032,-0.06832,0.06344,0.2928,0.31232,0.23424,0.15128,0.13664
0.05856,-0.16592,0.27328,0.244,0.21472,-0.07808,0.0488,0.2928,0.33184,0.25376,0.17568,0.1464
0.06832,-0.18056,0.2928,0.25864,0.22448,-0.07808,0.03416,0.2928,0.34648,0.2684,0.19032,0.1708
0.08784,-0.20008,0.31232,0.2684,0.22448,-0.06832,0.02928,0.28792,0.36112,0.2928,0.20984,0.18544
0.08296,-0.1952,0.30744,0.26596,0.22448,-0.07076,0.01952,0.26352,0.366,0.2928,0.21472,0.18056
0.0732,-0.19764,0.32208,0.28548,0.24888,-0.08784,0.00488,0.25864,0.37088,0.29768,0.2196,0.19032
0.07808,-0.2074,0.33672,0.29768,0.25864,-0.09028,0.00488,0.25864,0.38064,0.30744,0.22936,0.20008
0.07808,-0.2074,0.33672,0.29768,0.25864,-0.09028,0.00488,0.24888,0.38064,0.3172,0.244,0.20496
0.08296,-0.21472,0.34648,0.305,0.26352,-0.09028,0,0.23912,0.366,0.3172,0.244,0.20496
0.07808,-0.21472,0.35136,0.31232,0.27328,-0.0976,0.00488,0.22936,0.366,0.30744,0.244,0.20496
0.07808,-0.20008,0.32208,0.28304,0.244,-0.08296,-0.00488,0.20984,0.34648,0.30256,0.22936,0.20496
0.07808,-0.19764,0.3172,0.27816,0.23912,-0.08052,-0.00976,0.20496,0.33672,0.2928,0.22448,0.20008
0.0732,-0.19032,0.30744,0.27084,0.23424,-0.08052,-0.01464,0.1952,0.32696,0.2928,0.21472,0.19032
0.06832,-0.17812,0.28792,0.25376,0.2196,-0.07564,-0.01464,0.18544,0.30744,0.2684,0.1952,0.18056
0.05856,-0.16592,0.27328,0.244,0.21472,-0.07808,-0.00976,0.18544,0.30744,0.26352,0.19032,0.16104
0.05856,-0.1586,0.25864,0.22936,0.20008,-0.07076,-0.01464,0.16592,0.28304,0.24888,0.18056,0.15128
0.06832,-0.1464,0.22448,0.19032,0.15616,-0.04392,-0.00488,0.15128,0.24888,0.2196,0.16104,0.1464
0.05856,-0.12932,0.20008,0.1708,0.14152,-0.04148,-0.00488,0.1464,0.22936,0.1952,0.14152,0.11712
0.04392,-0.11224,0.18056,0.1586,0.13664,-0.04636,-0.00976,0.12688,0.20008,0.16104,0.10248,0.10248
0.03904,-0.0976,0.15616,0.13664,0.11712,-0.03904,-0.00488,0.10736,0.17568,0.14152,0.08784,0.07808
0.04392,-0.08784,0.13176,0.1098,0.08784,-0.02196,0,0.0976,0.16104,0.13664,0.08296,0.06832
0.03904,-0.07564,0.11224,0.09272,0.0732,-0.01708,0.00488,0.08784,0.13176,0.12688,0.06344,0.0488
0.0244,-0.05612,0.08784,0.07564,0.06344,-0.01952,0.00976,0.08296,0.10248,0.10736,0.0488,0.03904
0.01952,-0.04636,0.0732,0.06344,0.05368,-0.01708,0.00976,0.0732,0.08784,0.08784,0.03416,0.02928
0.02928,-0.04636,0.06344,0.0488,0.03416,-0.00244,0.01464,0.05856,0.0732,0.0732,0.0244,0.01952
0.01952,-0.03416,0.0488,0.03904,0.02928,-0.00488,0.00488,0.0488,0.06344,0.05368,0.00976,0.00976
0.00976,-0.01952,0.02928,0.0244,0.01952,-0.00488,0.01952,0.03904,0.03904,0.03416,-0.00976,-0.00488
-0.00488,0,0.00488,0.00732,0.00976,-0.00732,0.01464,0.02928,0.01952,0.01952,-0.01464,-0.01952
0,-0.00488,0.00976,0.00976,0.00976,-0.00488,0.0244,0.0244,0.01464,0.01464,-0.03416,-0.01464
0,-0.00244,0.00488,0.00488,0.00488,-0.00244,0.0244,0.01464,0.00488,0.00488,-0.03904,-0.01464
0.00488,0,-0.00488,-0.00732,-0.00976,0.00732,0.01464,0,-0.00976,0.00488,-0.03416,-0.02928
0.00488,0,-0.00488,-0.00732,-0.00976,0.00732,0.00976,-0.00488,-0.01464,-0.00488,-0.03904,-0.03904
0,0.00732,-0.01464,-0.01464,-0.01464,0.00732,0.01464,0.00488,-0.01464,0,-0.04392,-0.02928
0.00488,0.00488,-0.01464,-0.01708,-0.01952,0.0122,0.01464,-0.00488,-0.01952,0,-0.0488,-0.02928
-0.00488,0.01708,-0.02928,-0.02684,-0.0244,0.00976,0.01464,-0.00488,-0.0244,-0.00976,-0.05368,-0.03904
0,0.01464,-0.02928,-0.02928,-0.02928,0.01464,0.01464,0,-0.02928,-0.00976,-0.05368,-0.03904
-0.00488,0.01708,-0.02928,-0.02684,-0.0244,0.00976,0.01464,-0.00488,-0.02928,-0.00976,-0.05856,-0.03416
-0.00488,0.02196,-0.03904,-0.0366,-0.03416,0.01464,0.01464,-0.00976,-0.02928,-0.00976,-0.05856,-0.02928
-0.00488,0.01708,-0.02928,-0.02684,-0.0244,0.00976,0.00488,-0.01464,-0.03416,-0.01952,-0.05368,-0.03904
-0.00488,0.01952,-0.03416,-0.03172,-0.02928,0.0122,-0.00488,-0.01464,-0.03416,-0.0244,-0.05368,-0.0488
-0.01464,0.02684,-0.03904,-0.03172,-0.0244,0.00488,0.00488,-0.01952,-0.03416,-0.02928,-0.06832,-0.0488
-0.01952,0.0366,-0.05368,-0.04392,-0.03416,0.00732,0.01952,-0.01464,-0.03416,-0.0244,-0.06832,-0.05368
-0.00488,0.02196,-0.03904,-0.0366,-0.03416,0.01464,0.00488,-0.01464,-0.04392,-0.03416,-0.06344,-0.05368
-0.00488,0.02684,-0.0488,-0.04636,-0.04392,0.01952,0.00488,-0.01464,-0.0488,-0.04392,-0.0732,-0.05368
-0.00976,0.02196,-0.03416,-0.02928,-0.0244,0.00732,0.01464,-0.00488,-0.05368,-0.03416,-0.06344,-0.04392
-0.00976,0.02196,-0.03416,-0.02928,-0.0244,0.00732,0.01952,0,-0.05368,-0.0244,-0.06344,-0.0488
-0.0244,0.03904,-0.05368,-0.04148,-0.02928,0.00244,0.00488,-0.00976,-0.05368,-0.0244,-0.06344,-0.05856
-0.01952,0.03416,-0.0488,-0.03904,-0.02928,0.00488,0.00488,-0.00976,-0.05368,-0.0244,-0.06344,-0.05856
-0.01464,0.03416,-0.05368,-0.04636,-0.03904,0.0122,0.00488,-0.00976,-0.05856,-0.03904,-0.0732,-0.0488
-0.01464,0.03172,-0.0488,-0.04148,-0.03416,0.00976,0.00976,-0.00976,-0.05856,-0.03904,-0.0732,-0.0488
-0.00488,0.02684,-0.0488,-0.04636,-0.04392,0.01952,0,-0.00976,-0.06832,-0.03904,-0.08296,-0.05856
-0.00488,0.01952,-0.03416,-0.03172,-0.02928,0.0122,0.00976,-0.00488,-0.06832,-0.03904,-0.07808,-0.05856
-0.01464,0.02928,-0.04392,-0.0366,-0.02928,0.00732,0.01464,-0.00488,-0.0488,-0.03416,-0.0732,-0.05368
-0.0244,0.03904,-0.05368,-0.04148,-0.02928,0.00244,0.0244,0,-0.0488,-0.03416,-0.0732,-0.05368
-0.01464,0.02928,-0.04392,-0.0366,-0.02928,0.00732,0.0244,0,-0.05856,-0.03416,-0.07808,-0.06344
-0.00976,0.0244,-0.03904,-0.03416,-0.02928,0.00976,0.0244,0,-0.05856,-0.03416,-0.08784,-0.05856
-0.01952,0.02928,-0.03904,-0.02928,-0.01952,0,0.00976,0,-0.05368,-0.0244,-0.06832,-0.0488
-0.01952,0.02684,-0.03416,-0.0244,-0.01464,-0.00244,0.01464,0,-0.05368,-0.0244,-0.0732,-0.04392
-0.01464,0.0244,-0.03416,-0.02684,-0.01952,0.00244,0.0244,0.00976,-0.05368,-0.02928,-0.07808,-0.05368
-0.0244,0.02928,-0.03416,-0.02196,-0.00976,-0.00732,0.0244,0.01464,-0.05368,-0.02928,-0.08296,-0.05368
-0.01464,0.02196,-0.02928,-0.02196,-0.01464,0,0.0244,0.00488,-0.0488,-0.01952,-0.06832,-0.03904
-0.01464,0.02196,-0.02928,-0.02196,-0.01464,0,0.0244,0.00488,-0.04392,-0.01952,-0.06344,-0.03904
-0.00488,0.02196,-0.03904,-0.0366,-0.03416,0.01464,0.01464,0,-0.04392,-0.0244,-0.06832,-0.03904
-0.00976,0.01952,-0.02928,-0.0244,-0.01952,0.00488,0.00976,0.00488,-0.04392,-0.01952,-0.06832,-0.03416
-0.00976,0.0122,-0.01464,-0.00976,-0.00488,-0.00244,0,0,-0.03416,-0.00976,-0.05856,-0.03416
-0.00488,0.00732,-0.00976,-0.00732,-0.00488,0,0.00488,0,-0.02928,-0.00976,-0.05368,-0.03416
-0.01464,0.01708,-0.01952,-0.0122,-0.00488,-0.00488,0.01464,0,-0.03904,-0.01952,-0.05368,-0.04392
-0.01464,0.01952,-0.0244,-0.01708,-0.00976,-0.00244,0.01952,0,-0.04392,-0.01464,-0.05368,-0.04392
-0.00488,0.00244,0,0.00244,0.00488,-0.00488,0.00976,0,-0.02928,-0.0244,-0.05368,-0.02928
0,0.00488,-0.00976,-0.00976,-0.00976,0.00488,0.00976,0.00488,-0.0244,-0.01952,-0.0488,-0.02928
-0.00488,0.00488,-0.00488,-0.00244,0,-0.00244,0.01952,0.00976,-0.03416,-0.00976,-0.0488,-0.02928
-0.00976,0.00488,0,0.00488,0.00976,-0.00976,0.01952,0.00976,-0.03416,0,-0.0488,-0.02928
0,0.00244,-0.00488,-0.00488,-0.00488,0.00244,0,0,-0.0244,0,-0.0488,-0.03416
0,0.00244,-0.00488,-0.00488,-0.00488,0.00244,-0.01464,-0.01464,-0.0244,0,-0.0488,-0.03904
0.00976,-0.00488,0,-0.00488,-0.00976,0.00976,0,-0.00488,-0.0244,0,-0.0488,-0.02928
0.01464,-0.00732,0,-0.00732,-0.01464,0.01464,0.00488,0.00488,-0.0244,0,-0.0488,-0.02928
0.00488,0,-0.00488,-0.00732,-0.00976,0.00732,0.00488,0.00488,-0.0244,0,-0.0488,-0.02928
0.00488,0.00244,-0.00976,-0.0122,-0.01464,0.00976,0,0.00488,-0.0244,-0.00488,-0.05856,-0.02928
-0.00488,0.00732,-0.00976,-0.00732,-0.00488,0,0.00976,-0.00488,-0.03416,-0.00488,-0.05856,-0.03904
-0.00488,0.00732,-0.00976,-0.00732,-0.00488,0,0.00976,-0.00488,-0.03416,-0.00488,-0.05856,-0.03904
0.00488,0.00244,-0.00976,-0.0122,-0.01464,0.00976,0.00976,-0.00488,-0.02928,-0.00488,-0.05368,-0.03416
0.00976,-0.00488,0,-0.00488,-0.00976,0.00976,0.01464,-0.00488,-0.0244,-0.00488,-0.05368,-0.03416
0,0.00488,-0.00976,-0.00976,-0.00976,0.00488,0.01464,0,-0.03416,0.00488,-0.04392,-0.0244
0.00488,0,-0.00488,-0.00732,-0.00976,0.00732,0.00976,0,-0.02928,0,-0.0488,-0.02928
-0.00488,0.00976,-0.01464,-0.0122,-0.00976,0.00244,0.01464,-0.00976,-0.03904,-0.00976,-0.05368,-0.03416
-0.00488,0.00976,-0.01464,-0.0122,-0.00976,0.00244,0.01464,-0.00976,-0.04392,-0.00976,-0.05368,-0.04392
0.00488,0.00244,-0.00976,-0.0122,-0.01464,0.00976,0.00488,-0.0244,-0.03416,0,-0.06344,-0.03416
0,0.00732,-0.01464,-0.01464,-0.01464,0.00732,0.00488,-0.01952,-0.03416,0,-0.06344,-0.03416
-0.01464,0.01708,-0.01952,-0.0122,-0.00488,-0.00488,-0.00976,-0.01464,-0.0488,-0.00976,-0.06832,-0.03904
-0.01464,0.01464,-0.01464,-0.00732,0,-0.00732,-0.00976,-0.01464,-0.0488,-0.00976,-0.0732,-0.0488
0,0.00244,-0.00488,-0.00488,-0.00488,0.00244,0,-0.01464,-0.03904,0,-0.05856,-0.03904
0.00976,-0.00244,-0.00488,-0.00976,-0.01464,0.0122,0.00976,-0.01464,-0.02928,-0.00488,-0.05368,-0.04392
0.00488,0.00488,-0.01464,-0.01708,-0.01952,0.0122,0.00488,-0.01464,-0.03416,-0.00488,-0.05856,-0.04392
0.00488,0.00488,-0.01464,-0.01708,-0.01952,0.0122,0.00488,-0.01464,-0.04392,-0.00488,-0.06344,-0.04392
0,0.00732,-0.01464,-0.01464,-0.01464,0.00732,0.00976,-0.00488,-0.02928,-0.00488,-0.06832,-0.03416
-0.00488,0.00976,-0.01464,-0.0122,-0.00976,0.00244,0.01464,-0.00488,-0.02928,0,-0.06344,-0.03416
0,0.00976,-0.01952,-0.01952,-0.01952,0.00976,0.00976,-0.00976,-0.04392,-0.00488,-0.06344,-0.04392
0,0.00976,-0.01952,-0.01952,-0.01952,0.00976,0.01464,-0.00488,-0.05368,-0.00488,-0.06344,-0.05368
-0.00976,0.01708,-0.0244,-0.01952,-0.01464,0.00244,0,-0.00488,-0.04392,-0.01464,-0.07808,-0.04392
-0.00488,0.0122,-0.01952,-0.01708,-0.01464,0.00488,0,-0.01464,-0.03416,-0.01464,-0.07808,-0.04392
0,0.00488,-0.00976,-0.00976,-0.00976,0.00488,0,-0.01952,-0.04392,-0.00488,-0.06344,-0.04392
0,0.00732,-0.01464,-0.01464,-0.01464,0.00732,0,-0.01952,-0.05856,-0.00976,-0.06344,-0.04392
0,0.00732,-0.01464,-0.01464,-0.01464,0.00732,0.00976,-0.01952,-0.0488,0.00488,-0.0732,-0.04392
-0.01464,0.01464,-0.01464,-0.00732,0,-0.00732,0.00976,-0.01952,-0.03904,-0.00488,-0.07808,-0.0488
-0.00488,0.00732,-0.00976,-0.00732,-0.00488,0,0.00488,-0.01952,-0.0488,-0.00488,-0.06832,-0.0488
-0.00976,0.00976,-0.00976,-0.00488,0,-0.00488,-0.00488,-0.01464,-0.0488,-0.00976,-0.06832,-0.04392
0,0.0122,-0.0244,-0.0244,-0.0244,0.0122,-0.00976,-0.00976,-0.0488,-0.00976,-0.07808,-0.0488
0,0.0122,-0.0244,-0.0244,-0.0244,0.0122,-0.00976,-0.00976,-0.04392,-0.00488,-0.07808,-0.0488
0,0.0122,-0.0244,-0.0244,-0.0244,0.0122,0,-0.01952,-0.05856,-0.01952,-0.07808,-0.05856
0,0.00976,-0.01952,-0.01952,-0.01952,0.00976,0.00488,-0.01952,-0.05856,-0.01952,-0.07808,-0.05856
-0.00976,0.01708,-0.0244,-0.01952,-0.01464,0.00244,0.01464,-0.01952,-0.0488,-0.00976,-0.07808,-0.05856
-0.01464,0.01708,-0.01952,-0.0122,-0.00488,-0.00488,0.01464,-0.01952,-0.0488,-0.00976,-0.07808,-0.05856
0.00488,0.00732,-0.01952,-0.02196,-0.0244,0.01464,0.00488,-0.02928,-0.05368,-0.00488,-0.06344,-0.06344
0,0.00244,-0.00488,-0.00488,-0.00488,0.00244,0.00488,-0.02928,-0.05368,-0.00488,-0.06344,-0.05856
0,0.00732,-0.01464,-0.01464,-0.01464,0.00732,0.00488,-0.01952,-0.0488,-0.00976,-0.06832,-0.0488
0,0.00732,-0.01464,-0.01464,-0.01464,0.00732,0.00488,-0.01464,-0.04392,-0.00488,-0.0732,-0.0488
-0.00976,0.01708,-0.0244,-0.01952,-0.01464,0.00244,0.00488,-0.0244,-0.05368,-0.01464,-0.08296,-0.05368
-0.00488,0.01464,-0.0244,-0.02196,-0.01952,0.00732,-0.00488,-0.01952,-0.0488,-0.01464,-0.0732,-0.05368
0.00488,0.0122,-0.02928,-0.03172,-0.03416,0.01952,0.00976,-0.01952,-0.05856,-0.0244,-0.08296,-0.05856
0,0.01952,-0.03904,-0.03904,-0.03904,0.01952,0.00976,-0.01952,-0.05856,-0.01952,-0.09272,-0.05856
-0.00976,0.01952,-0.02928,-0.0244,-0.01952,0.00488,0.00488,-0.01952,-0.05368,-0.01952,-0.08784,-0.0488
-0.00976,0.01708,-0.0244,-0.01952,-0.01464,0.00244,0.00488,-0.01952,-0.04392,-0.01464,-0.07808,-0.04392
-0.00976,0.01952,-0.02928,-0.0244,-0.01952,0.00488,-0.00488,-0.00976,-0.05368,-0.00976,-0.07808,-0.0488
-0.00488,0.01952,-0.03416,-0.03172,-0.02928,0.0122,-0.00976,-0.01952,-0.05368,-0.00488,-0.07808,-0.05368
-0.00976,0.01952,-0.02928,-0.0244,-0.01952,0.00488,0.00976,-0.01952,-0.05856,-0.01952,-0.08784,-0.05856
0,0.00976,-0.01952,-0.01952,-0.01952,0.00976,0.00976,-0.01952,-0.05856,-0.01952,-0.08784,-0.05856
0,0.00976,-0.01952,-0.01952,-0.01952,0.00976,0.00976,-0.01952,-0.05856,-0.01952,-0.08784,-0.05856
0,0.00488,-0.00976,-0.00976,-0.00976,0.00488,0,-0.0244,-0.0488,-0.01464,-0.08296,-0.0488
0.00488,-0.00976,0.01464,0.0122,0.00976,-0.00244,-0.00976,-0.01952,-0.03416,-0.00488,-0.07808,-0.03416
-0.00488,-0.00244,0.00976,0.0122,0.01464,-0.00976,0.00488,-0.00488,-0.03416,-0.00488,-0.06344,-0.03416
-0.00488,-0.00976,0.0244,0.02684,0.02928,-0.01708,0.00488,-0.00488,-0.0244,0,-0.05856,-0.03416
0.00488,-0.0244,0.04392,0.04148,0.03904,-0.01708,0,0,-0.00976,0.02928,-0.0488,-0.01952
0.00488,-0.02928,0.05368,0.05124,0.0488,-0.02196,0.00488,0,-0.00976,0.01952,-0.0488,-0.02928
0.00976,-0.01952,0.02928,0.0244,0.01952,-0.00488,0.01464,0.00488,-0.0244,0.00488,-0.05856,-0.03416
0.00976,-0.02196,0.03416,0.02928,0.0244,-0.00732,0.0244,0.00488,-0.01952,0.00488,-0.05856,-0.03416
0,-0.02196,0.04392,0.04392,0.04392,-0.02196,0.00976,0,-0.00976,0.01952,-0.0488,-0.02928
0.00488,-0.0366,0.06832,0.06588,0.06344,-0.02928,0.00488,0,0,0.0244,-0.03904,-0.00976
0.00488,-0.04148,0.07808,0.07564,0.0732,-0.03416,-0.02928,-0.02928,-0.00488,0.0244,-0.03904,-0.00488
0.01952,-0.05612,0.09272,0.08296,0.0732,-0.02684,-0.03904,-0.03416,0,0.0488,-0.02928,0
0.03416,-0.06588,0.0976,0.08052,0.06344,-0.01464,-0.03416,-0.02928,-0.00488,0.0488,-0.02928,0
0.04392,-0.07076,0.0976,0.07564,0.05368,-0.00488,-0.03904,-0.02928,0,0.0488,-0.0244,0.00488
0.03904,-0.06588,0.09272,0.0732,0.05368,-0.00732,-0.03904,-0.03904,0,0.0488,-0.00976,0.00976
0.0244,-0.061,0.0976,0.0854,0.0732,-0.0244,-0.03904,-0.04392,0,0.0488,-0.00976,0.00976
0.03416,-0.06832,0.10248,0.0854,0.06832,-0.01708,-0.05368,-0.03904,-0.00488,0.04392,-0.0244,0.00488
0.03416,-0.05612,0.07808,0.061,0.04392,-0.00488,-0.05368,-0.04392,-0.01464,0.03416,-0.02928,0
0.03904,-0.04392,0.0488,0.02928,0.00976,0.01464,-0.03904,-0.03416,-0.02928,0.00976,-0.04392,-0.00976
0.03416,-0.0366,0.03904,0.02196,0.00488,0.01464,-0.03904,-0.03416,-0.03416,-0.00488,-0.0488,-0.01952
0.02928,-0.02928,0.02928,0.01464,0,0.01464,-0.02928,-0.03416,-0.03904,0.00488,-0.0732,-0.03416
0.0244,-0.01464,0.00488,-0.00732,-0.01952,0.02196,-0.02928,-0.03416,-0.0488,-0.00488,-0.0732,-0.0488
0.00976,-0.00732,0.00488,0,-0.00488,0.00732,-0.0244,-0.02928,-0.0488,-0.00976,-0.07808,-0.0488
0,0.00244,-0.00488,-0.00488,-0.00488,0.00244,-0.02928,-0.03416,-0.05856,-0.01952,-0.08784,-0.05856
-0.01952,0.0244,-0.02928,-0.01952,-0.00976,-0.00488,-0.01464,-0.04392,-0.0732,-0.02928,-0.10248,-0.06832
-0.0244,0.02684,-0.02928,-0.01708,-0.00488,-0.00976,0,-0.04392,-0.0732,-0.02928,-0.09272,-0.06832
-0.01952,0.02684,-0.03416,-0.0244,-0.01464,-0.00244,0.00488,-0.03416,-0.07808,-0.04392,-0.11224,-0.07808
-0.01952,0.03172,-0.04392,-0.03416,-0.0244,0.00244,-0.00488,-0.03416,-0.08784,-0.0488,-0.12688,-0.08784
-0.01464,0.03416,-0.05368,-0.04636,-0.03904,0.0122,-0.00488,-0.0488,-0.09272,-0.0488,-0.122,-0.08784
-0.00976,0.03172,-0.05368,-0.0488,-0.04392,0.01708,0.00488,-0.0488,-0.08784,-0.04392,-0.11224,-0.08784
-0.0244,0.04636,-0.06832,-0.05612,-0.04392,0.00976,-0.00488,-0.0488,-0.0976,-0.05856,-0.122,-0.0976
-0.01952,0.0488,-0.07808,-0.06832,-0.05856,0.01952,-0.01952,-0.0488,-0.0976,-0.05856,-0.13176,-0.0976
-0.01952,0.04148,-0.06344,-0.05368,-0.04392,0.0122,-0.00488,-0.03904,-0.08784,-0.05368,-0.11712,-0.08296
-0.0244,0.04636,-0.06832,-0.05612,-0.04392,0.00976,0.00488,-0.03904,-0.07808,-0.05368,-0.11712,-0.08296
-0.01464,0.03172,-0.0488,-0.04148,-0.03416,0.00976,-0.00488,-0.03904,-0.08784,-0.05368,-0.122,-0.08296
-0.01464,0.03172,-0.0488,-0.04148,-0.03416,0.00976,-0.00488,-0.03904,-0.08784,-0.05368,-0.122,-0.08296
-0.01952,0.02928,-0.03904,-0.02928,-0.01952,0,0.01952,-0.01952,-0.0732,-0.03416,-0.10736,-0.0732
-0.03416,0.04392,-0.05368,-0.0366,-0.01952,-0.00732,0.0488,0.02928,-0.03416,-0.03416,-0.122,-0.08784
-0.0244,0.0122,0,0.0122,0.0244,-0.0244,0.06344,0.0976,0.0488,0.01952,-0.08784,-0.06832
-0.01464,-0.02196,0.05856,0.06588,0.0732,-0.04392,0.06344,0.1464,0.14152,0.0976,-0.01464,-0.0244
0.01464,-0.05368,0.09272,0.0854,0.07808,-0.03172,0.06832,0.22936,0.26352,0.18544,0.03904,0.01464
0.08784,-0.16836,0.24888,0.20496,0.16104,-0.0366,0.06344,0.2684,0.4392,0.35624,0.18056,0.12688
0.15128,-0.244,0.33672,0.26108,0.18544,-0.01708,-0.00976,0.22936,0.61,0.49776,0.30744,0.1952
0.23912,-0.3416,0.44408,0.32452,0.20496,0.01708,-0.16104,0.05368,0.70272,0.62952,0.42944,0.2928
0.31232,-0.39528,0.47824,0.32208,0.16592,0.0732,-0.31232,-0.13664,0.6588,0.6344,0.44896,0.33672
0.31232,-0.37576,0.4392,0.28304,0.12688,0.09272,-0.47824,-0.49288,0.366,0.45872,0.37576,0.32208
0.2196,-0.20984,0.20008,0.09028,-0.01952,0.11956,-0.4636,-0.7076,-0.08296,0.10736,0.12688,0.1708
0.00488,0.04636,-0.0976,-0.10004,-0.10248,0.05368,-0.3904,-0.95648,-0.63928,-0.2928,-0.18544,-0.02928
-0.08784,0.19764,-0.30744,-0.26352,-0.2196,0.06588,-0.366,-1.11752,-1.03456,-0.5368,-0.3904,-0.17568
-0.1464,0.28304,-0.41968,-0.34648,-0.27328,0.06344,-0.4148,-1.1712,-1.15656,-0.60512,-0.44408,-0.22448
-0.11224,0.2806,-0.44896,-0.39284,-0.33672,0.11224,-0.44896,-1.16632,-1.1712,-0.63928,-0.488,-0.25376
-0.10248,0.27572,-0.44896,-0.39772,-0.34648,0.122,-0.41968,-0.98088,-1.00528,-0.56608,-0.4392,-0.25376
-0.05856,0.19032,-0.32208,-0.2928,-0.26352,0.10248,-0.29768,-0.7076,-0.78568,-0.44408,-0.35624,-0.20496
-0.06344,0.1342,-0.20496,-0.17324,-0.14152,0.03904,-0.244,-0.52216,-0.57096,-0.30744,-0.2684,-0.1464
-0.04392,0.10004,-0.15616,-0.1342,-0.11224,0.03416,-0.1952,-0.42456,-0.4636,-0.23912,-0.22936,-0.12688
-0.0488,0.07808,-0.10736,-0.08296,-0.05856,0.00488,-0.1464,-0.32208,-0.38552,-0.20984,-0.20496,-0.10248
-0.05856,0.09272,-0.12688,-0.0976,-0.06832,0.00488,-0.08296,-0.21472,-0.30256,-0.18544,-0.1952,-0.11224
-0.03416,0.05856,-0.08296,-0.06588,-0.0488,0.00732,-0.05368,-0.11712,-0.21472,-0.10736,-0.1708,-0.0976
-0.0488,0.04392,-0.03904,-0.01464,0.00976,-0.02928,-0.02928,-0.08296,-0.1464,-0.08296,-0.1464,-0.08784
-0.03904,0.0366,-0.03416,-0.01464,0.00488,-0.02196,-0.00488,-0.05856,-0.12688,-0.08296,-0.12688,-0.06832
-0.03904,0.03416,-0.02928,-0.00976,0.00976,-0.0244,0.00488,-0.03416,-0.11224,-0.08784,-0.12688,-0.07808
-0.0244,0.02928,-0.03416,-0.02196,-0.00976,-0.00732,0.01952,0.00488,-0.0732,-0.05856,-0.122,-0.07808
-0.0244,0.02928,-0.03416,-0.02196,-0.00976,-0.00732,0.0244,0.00488,-0.06832,-0.05368,-0.11712,-0.07808
-0.01952,0.02196,-0.0244,-0.01464,-0.00488,-0.00732,0.03904,0.00976,-0.08296,-0.04392,-0.12688,-0.07808
-0.01952,0.02196,-0.0244,-0.01464,-0.00488,-0.00732,0.04392,0.01952,-0.07808,-0.04392,-0.12688,-0.07808
-0.03416,0.03416,-0.03416,-0.01708,0,-0.01708,0.04392,0.01952,-0.05856,-0.0488,-0.122,-0.0732
-0.02928,0.02928,-0.02928,-0.01464,0,-0.01464,0.0488,0.0244,-0.05856,-0.0488,-0.122,-0.07808
-0.02928,0.02196,-0.01464,0,0.01464,-0.02196,0.03904,0.0244,-0.05856,-0.04392,-0.11712,-0.06344
-0.02928,0.02196,-0.01464,0,0.01464,-0.02196,0.04392,0.0244,-0.05856,-0.03904,-0.11712,-0.06344
-0.02928,0.02684,-0.0244,-0.00976,0.00488,-0.01708,0.05368,0.03904,-0.03904,-0.02928,-0.11712,-0.08296
-0.0244,0.02196,-0.01952,-0.00732,0.00488,-0.01464,0.05368,0.04392,-0.03904,-0.02928,-0.11712,-0.0732
-0.03416,0.02684,-0.01952,-0.00244,0.01464,-0.0244,0.0488,0.03416,-0.04392,-0.02928,-0.122,-0.06832
-0.03416,0.02684,-0.01952,-0.00244,0.01464,-0.0244,0.03904,0.03904,-0.03904,-0.03416,-0.11712,-0.06832
-0.0244,0.0244,-0.0244,-0.0122,0,-0.0122,0.04392,0.04392,-0.0488,-0.03904,-0.11712,-0.07808
-0.02928,0.02684,-0.0244,-0.00976,0.00488,-0.01708,0.04392,0.0488,-0.03904,-0.03416,-0.11712,-0.07808
-0.0244,0.01708,-0.00976,0.00244,0.01464,-0.01952,0.03904,0.05368,-0.02928,-0.0244,-0.11224,-0.0732
-0.0244,0.02196,-0.01952,-0.00732,0.00488,-0.01464,0.03904,0.05368,-0.02928,-0.0244,-0.11224,-0.0732
-0.01464,0.01464,-0.01464,-0.00732,0,-0.00732,0.04392,0.06832,-0.01952,-0.01952,-0.10248,-0.06344
-0.00976,0.00244,0.00488,0.00976,0.01464,-0.0122,0.05368,0.0732,-0.01952,-0.01952,-0.10248,-0.06344
-0.00976,0,0.00976,0.01464,0.01952,-0.01464,0.06344,0.06344,-0.00488,-0.01464,-0.10736,-0.0732
-0.00976,-0.00244,0.01464,0.01952,0.0244,-0.01708,0.06344,0.0732,0,-0.00488,-0.10736,-0.06832
-0.01952,0.00244,0.01464,0.0244,0.03416,-0.02684,0.0488,0.0732,-0.00976,-0.01464,-0.10248,-0.06832
-0.01952,0.0122,-0.00488,0.00488,0.01464,-0.01708,0.0488,0.07808,0,-0.01464,-0.10248,-0.06344
-0.00488,-0.00488,0.01464,0.01708,0.01952,-0.0122,0.05368,0.09272,0,0,-0.08784,-0.0488
0,-0.01952,0.03904,0.03904,0.03904,-0.01952,0.05368,0.10248,0.01464,0,-0.08784,-0.0488
0,-0.0244,0.0488,0.0488,0.0488,-0.0244,0.05368,0.11224,0.0244,0.01464,-0.07808,-0.04392
0,-0.02196,0.04392,0.04392,0.04392,-0.02196,0.05368,0.122,0.03904,0.01952,-0.07808,-0.04392
-0.00976,-0.01464,0.03904,0.04392,0.0488,-0.02928,0.0488,0.11712,0.04392,0.01952,-0.08296,-0.04392
0,-0.01952,0.03904,0.03904,0.03904,-0.01952,0.03904,0.11224,0.03904,0.0244,-0.0732,-0.03904
0.00976,-0.03904,0.06832,0.06344,0.05856,-0.0244,0.04392,0.122,0.05856,0.03416,-0.06344,-0.0244
0.00976,-0.04636,0.08296,0.07808,0.0732,-0.03172,0.0488,0.13664,0.06832,0.04392,-0.05368,-0.01952
0.00488,-0.04392,0.08296,0.08052,0.07808,-0.0366,0.05856,0.15616,0.08296,0.04392,-0.05368,-0.02928
0.00976,-0.0488,0.08784,0.08296,0.07808,-0.03416,0.05856,0.1708,0.0976,0.04392,-0.04392,-0.01464
0.00976,-0.05612,0.10248,0.0976,0.09272,-0.04148,0.05856,0.17568,0.0976,0.06344,-0.03416,0.00488
0.01952,-0.06832,0.11712,0.10736,0.0976,-0.03904,0.05856,0.18544,0.122,0.0732,-0.02928,0.00488
0.0244,-0.07564,0.12688,0.11468,0.10248,-0.03904,0.0488,0.20984,0.15128,0.08784,-0.00976,0.00976
0.01464,-0.08296,0.15128,0.14396,0.13664,-0.061,0.0488,0.22448,0.17568,0.11224,0,0.0244
0.01952,-0.10004,0.18056,0.1708,0.16104,-0.07076,0.0488,0.23912,0.18544,0.12688,0.01952,0.03904
0.03416,-0.122,0.20984,0.19276,0.17568,-0.07076,0.0488,0.25376,0.21472,0.14152,0.04392,0.06344
0.05368,-0.14884,0.244,0.21716,0.19032,-0.06832,0.0488,0.25376,0.23912,0.18056,0.0732,0.0732
0.0488,-0.15128,0.25376,0.22936,0.20496,-0.07808,0.03904,0.26352,0.26352,0.20008,0.08296,0.09272
0.0488,-0.16592,0.28304,0.25864,0.23424,-0.09272,0.02928,0.2684,0.2928,0.21472,0.10248,0.11712
0.05368,-0.17812,0.30256,0.27572,0.24888,-0.0976,0.00976,0.27328,0.31232,0.23424,0.12688,0.13664
0.06832,-0.20252,0.33672,0.30256,0.2684,-0.10004,0.01464,0.28304,0.32208,0.26352,0.1464,0.15128
0.06832,-0.20984,0.35136,0.3172,0.28304,-0.10736,0.01952,0.27816,0.34648,0.28304,0.16592,0.15616
0.08784,-0.22936,0.37088,0.32696,0.28304,-0.0976,0.00976,0.27816,0.366,0.28792,0.1708,0.18056
0.09272,-0.24156,0.3904,0.34404,0.29768,-0.10248,-0.00976,0.2684,0.366,0.2928,0.18056,0.18544
0.08784,-0.24156,0.39528,0.35136,0.30744,-0.1098,-0.02928,0.24888,0.366,0.30744,0.18056,0.19032
0.08784,-0.24888,0.40992,0.366,0.32208,-0.11712,-0.03904,0.22448,0.34648,0.30744,0.18056,0.19032
0.08784,-0.23912,0.3904,0.34648,0.30256,-0.10736,-0.04392,0.22448,0.34648,0.30744,0.18544,0.18544
0.0732,-0.22936,0.38552,0.34892,0.31232,-0.11956,-0.02928,0.20984,0.34648,0.30744,0.18544,0.18544
0.07808,-0.22936,0.38064,0.3416,0.30256,-0.11224,-0.03416,0.20496,0.33672,0.2928,0.17568,0.18056
0.07808,-0.22448,0.37088,0.33184,0.2928,-0.10736,-0.0488,0.20008,0.3172,0.28792,0.1708,0.17568
0.06832,-0.21228,0.35624,0.32208,0.28792,-0.1098,-0.04392,0.18544,0.31232,0.27816,0.16104,0.15616
0.05856,-0.18788,0.3172,0.28792,0.25864,-0.10004,-0.02928,0.17568,0.30256,0.25864,0.1464,0.1464
0.06832,-0.19276,0.3172,0.28304,0.24888,-0.09028,-0.02928,0.1708,0.28304,0.25376,0.13664,0.14152
0.05856,-0.18056,0.30256,0.27328,0.244,-0.09272,-0.03416,0.15616,0.2684,0.23424,0.11224,0.12688
0.05368,-0.16592,0.27816,0.25132,0.22448,-0.0854,-0.03416,0.13176,0.244,0.20984,0.10248,0.122
0.03904,-0.1464,0.25376,0.23424,0.21472,-0.08784,-0.03416,0.11712,0.21472,0.19032,0.08296,0.10248
0.04392,-0.13664,0.22936,0.2074,0.18544,-0.07076,-0.01952,0.11712,0.20008,0.17568,0.0732,0.09272
0.0488,-0.12932,0.20984,0.18544,0.16104,-0.05612,-0.01952,0.11224,0.16592,0.15616,0.0488,0.06832
0.03904,-0.1098,0.18056,0.16104,0.14152,-0.05124,-0.0244,0.10248,0.1464,0.122,0.0244,0.0488
0.02928,-0.0976,0.16592,0.15128,0.13664,-0.05368,-0.01952,0.0732,0.12688,0.10736,0.00488,0.02928
0.01952,-0.08296,0.1464,0.13664,0.12688,-0.05368,-0.00976,0.05856,0.11712,0.09272,-0.01464,0.0244
0.01464,-0.0732,0.13176,0.12444,0.11712,-0.05124,-0.00976,0.06344,0.0976,0.07808,-0.01952,0.01464
0.01952,-0.06344,0.10736,0.0976,0.08784,-0.03416,-0.00976,0.04392,0.05856,0.05368,-0.04392,0
0.00976,-0.05124,0.09272,0.08784,0.08296,-0.0366,-0.00488,0.03416,0.04392,0.03904,-0.0488,-0.00488
0.00976,-0.04392,0.07808,0.0732,0.06832,-0.02928,-0.00488,0.0244,0.02928,0.02928,-0.06344,-0.0244
0.00488,-0.03172,0.05856,0.05612,0.05368,-0.0244,0,0.01952,0.01464,0.01952,-0.06832,-0.03416
0.00488,-0.03416,0.06344,0.061,0.05856,-0.02684,-0.00488,-0.00488,0.00976,0.01952,-0.07808,-0.04392
0,-0.02684,0.05368,0.05368,0.05368,-0.02684,-0.00488,-0.00488,0,0.00976,-0.08784,-0.04392
0,-0.0244,0.0488,0.0488,0.0488,-0.0244,-0.01464,-0.00488,-0.00488,-0.00488,-0.08784,-0.03416
-0.00488,-0.01952,0.04392,0.04636,0.0488,-0.02684,-0.01952,-0.01464,-0.01464,-0.00488,-0.09272,-0.03904
-0.01464,-0.01708,0.0488,0.05612,0.06344,-0.03904,-0.01464,-0.0244,-0.02928,-0.00976,-0.0976,-0.0488
-0.01952,-0.0122,0.04392,0.05368,0.06344,-0.04148,-0.01464,-0.03416,-0.03904,-0.00976,-0.10248,-0.0488
-0.0244,-0.00488,0.03416,0.04636,0.05856,-0.04148,-0.00488,-0.0244,-0.03416,-0.01952,-0.11712,-0.05856
-0.01952,-0.00488,0.02928,0.03904,0.0488,-0.03416,-0.00488,-0.01952,-0.03904,-0.01952,-0.11224,-0.05856
-0.01952,-0.00488,0.02928,0.03904,0.0488,-0.03416,-0.00488,-0.02928,-0.04392,-0.02928,-0.11712,-0.06344
-0.00976,-0.00732,0.0244,0.02928,0.03416,-0.02196,-0.00488,-0.03416,-0.0488,-0.02928,-0.11712,-0.06832
-0.01464,-0.00732,0.02928,0.0366,0.04392,-0.02928,-0.01464,-0.03904,-0.05368,-0.02928,-0.12688,-0.06832
-0.01464,-0.00488,0.0244,0.03172,0.03904,-0.02684,-0.01464,-0.03416,-0.05368,-0.03416,-0.13176,-0.06832
-0.00488,-0.0122,0.02928,0.03172,0.03416,-0.01952,-0.01464,-0.0244,-0.04392,-0.02928,-0.13176,-0.05856
-0.00976,-0.00732,0.0244,0.02928,0.03416,-0.02196,-0.01464,-0.02928,-0.04392,-0.02928,-0.122,-0.05856
-0.01464,-0.00244,0.01952,0.02684,0.03416,-0.0244,-0.00976,-0.03416,-0.05368,-0.03416,-0.122,-0.06344
-0.01464,0.00244,0.00976,0.01708,0.0244,-0.01952,-0.01464,-0.03416,-0.05856,-0.04392,-0.13176,-0.06344
-0.01952,0.00488,0.00976,0.01952,0.02928,-0.0244,-0.01464,-0.03416,-0.05856,-0.04392,-0.14152,-0.0732
-0.01952,0.00244,0.01464,0.0244,0.03416,-0.02684,-0.00976,-0.02928,-0.06344,-0.04392,-0.14152,-0.0732
-0.03416,0.01464,0.00488,0.02196,0.03904,-0.0366,0,-0.01952,-0.06344,-0.04392,-0.14152,-0.07808
-0.02928,0.00976,0.00976,0.0244,0.03904,-0.03416,-0.00488,-0.01952,-0.06344,-0.04392,-0.14152,-0.07808
-0.03416,0.00732,0.01952,0.0366,0.05368,-0.04392,-0.00488,-0.0244,-0.06344,-0.04392,-0.14152,-0.06832
-0.03416,0.00976,0.01464,0.03172,0.0488,-0.04148,0,-0.03416,-0.06832,-0.0488,-0.14152,-0.06832
-0.03416,0.00976,0.01464,0.03172,0.0488,-0.04148,-0.01464,-0.03904,-0.06832,-0.0488,-0.15128,-0.07808
-0.03416,0.01464,0.00488,0.02196,0.03904,-0.0366,-0.00976,-0.03904,-0.06832,-0.0488,-0.1464,-0.07808
-0.0244,0.00732,0.00976,0.02196,0.03416,-0.02928,0,-0.02928,-0.05368,-0.03416,-0.13176,-0.0732
-0.0244,0.00244,0.01952,0.03172,0.04392,-0.03416,-0.00488,-0.01952,-0.0488,-0.03416,-0.13176,-0.0732
-0.03416,0.00488,0.0244,0.04148,0.05856,-0.04636,-0.00488,-0.00976,-0.05368,-0.04392,-0.13176,-0.0732
-0.03416,0.00488,0.0244,0.04148,0.05856,-0.04636,-0.00488,-0.00976,-0.06344,-0.04392,-0.14152,-0.0732
-0.02928,0.00244,0.0244,0.03904,0.05368,-0.04148,-0.01464,-0.01952,-0.06344,-0.03904,-0.13664,-0.06832
-0.03904,0.0122,0.01464,0.03416,0.05368,-0.04636,-0.01952,-0.01952,-0.06344,-0.03416,-0.14152,-0.06832
-0.02928,0.00488,0.01952,0.03416,0.0488,-0.03904,-0.00488,-0.00976,-0.05856,-0.0244,-0.13176,-0.06344
-0.0244,-0.00244,0.02928,0.04148,0.05368,-0.03904,-0.00488,-0.00976,-0.0488,-0.01952,-0.12688,-0.06344
-0.01952,-0.00976,0.03904,0.0488,0.05856,-0.03904,-0.01464,-0.00488,-0.0488,-0.01952,-0.11712,-0.05368
-0.01464,-0.0122,0.03904,0.04636,0.05368,-0.03416,-0.01464,-0.00488,-0.04392,-0.02928,-0.11712,-0.0488
-0.0244,-0.00732,0.03904,0.05124,0.06344,-0.04392,-0.00488,-0.00488,-0.04392,-0.01464,-0.11224,-0.05856
-0.02928,-0.00732,0.04392,0.05856,0.0732,-0.05124,-0.00976,-0.00976,-0.04392,-0.01464,-0.10736,-0.05856
-0.02928,-0.00976,0.0488,0.06344,0.07808,-0.05368,0,-0.00488,-0.04392,-0.00976,-0.11712,-0.05368
-0.0244,-0.01464,0.05368,0.06588,0.07808,-0.05124,0.00488,-0.00976,-0.04392,-0.00976,-0.11224,-0.05368
-0.01464,-0.01708,0.0488,0.05612,0.06344,-0.03904,-0.00488,-0.00976,-0.03904,-0.00976,-0.11224,-0.05368
-0.01464,-0.01708,0.0488,0.05612,0.06344,-0.03904,-0.00488,-0.00976,-0.04392,-0.00976,-0.11224,-0.05368
-0.01464,-0.01708,0.0488,0.05612,0.06344,-0.03904,-0.01952,-0.00976,-0.03904,-0.00488,-0.10248,-0.06344
-0.01464,-0.01708,0.0488,0.05612,0.06344,-0.03904,-0.01952,-0.00976,-0.03904,-0.00488,-0.10248,-0.05856
-0.01464,-0.01952,0.05368,0.061,0.06832,-0.04148,-0.00976,-0.00488,-0.03416,0,-0.0976,-0.0488
-0.01952,-0.01708,0.05368,0.06344,0.0732,-0.04636,-0.00976,-0.00976,-0.03416,0,-0.0976,-0.0488
-0.01952,-0.01952,0.05856,0.06832,0.07808,-0.0488,-0.00976,-0.00976,-0.03416,0,-0.10736,-0.04392
-0.01952,-0.01708,0.05368,0.06344,0.0732,-0.04636,-0.0244,-0.00976,-0.03416,0,-0.10736,-0.04392
-0.00976,-0.01952,0.0488,0.05368,0.05856,-0.03416,-0.02928,-0.0244,-0.04392,0,-0.10736,-0.05856
-0.00488,-0.02196,0.0488,0.05124,0.05368,-0.02928,-0.02928,-0.0244,-0.04392,0,-0.10736,-0.05856
-0.00488,-0.02928,0.06344,0.06588,0.06832,-0.0366,-0.01952,-0.01464,-0.03416,0,-0.0976,-0.05368
-0.00488,-0.02684,0.05856,0.061,0.06344,-0.03416,-0.01464,-0.01464,-0.03416,0,-0.0976,-0.04392
-0.00488,-0.03172,0.06832,0.07076,0.0732,-0.03904,-0.01952,-0.0244,-0.03416,-0.00488,-0.10736,-0.0488
-0.00488,-0.03172,0.06832,0.07076,0.0732,-0.03904,-0.01952,-0.0244,-0.03416,-0.00488,-0.10736,-0.0488
-0.01464,-0.01708,0.0488,0.05612,0.06344,-0.03904,-0.01952,-0.03416,-0.03904,-0.00488,-0.10736,-0.0488
-0.01464,-0.01708,0.0488,0.05612,0.06344,-0.03904,-0.01464,-0.03416,-0.03416,-0.00488,-0.11224,-0.05368
-0.01952,-0.01464,0.0488,0.05856,0.06832,-0.04392,-0.01464,-0.03416,-0.03416,-0.00488,-0.10248,-0.05368
-0.01464,-0.01708,0.0488,0.05612,0.06344,-0.03904,-0.01952,-0.0244,-0.04392,-0.00976,-0.10736,-0.05368
-0.00488,-0.01952,0.04392,0.04636,0.0488,-0.02684,-0.01464,-0.02928,-0.03904,-0.00976,-0.11224,-0.05856
-0.00488,-0.01952,0.04392,0.04636,0.0488,-0.02684,-0.01464,-0.02928,-0.03904,-0.00976,-0.11224,-0.05368
-0.01464,-0.01952,0.05368,0.061,0.06832,-0.04148,-0.0244,-0.03416,-0.04392,-0.00976,-0.11224,-0.05368
-0.01464,-0.01708,0.0488,0.05612,0.06344,-0.03904,-0.0244,-0.02928,-0.04392,-0.00976,-0.11224,-0.05368
-0.0244,-0.01464,0.05368,0.06588,0.07808,-0.05124,-0.01952,-0.03416,-0.03416,-0.00976,-0.11224,-0.05856
-0.0244,-0.0122,0.0488,0.061,0.0732,-0.0488,-0.01952,-0.03416,-0.03904,-0.00976,-0.122,-0.05856
-0.0244,-0.00976,0.04392,0.05612,0.06832,-0.04636,-0.01952,-0.0244,-0.0488,-0.00976,-0.11712,-0.05856
-0.01952,-0.0122,0.04392,0.05368,0.06344,-0.04148,-0.01952,-0.0244,-0.0488,-0.01464,-0.122,-0.06344
-0.01952,-0.0122,0.04392,0.05368,0.06344,-0.04148,-0.0244,-0.0244,-0.04392,-0.01464,-0.11224,-0.05368
-0.0244,-0.00976,0.04392,0.05612,0.06832,-0.04636,-0.0244,-0.0244,-0.05368,-0.01464,-0.10736,-0.05368
-0.01952,-0.0122,0.04392,0.05368,0.06344,-0.04148,-0.0244,-0.03416,-0.05368,-0.00488,-0.11712,-0.06344
-0.01952,-0.0122,0.04392,0.05368,0.06344,-0.04148,-0.00976,-0.03416,-0.0488,0,-0.11224,-0.06344
-0.00488,-0.01708,0.03904,0.04148,0.04392,-0.0244,-0.01952,-0.03904,-0.05368,-0.01464,-0.11224,-0.06344
-0.00976,-0.01464,0.03904,0.04392,0.0488,-0.02928,-0.01464,-0.03904,-0.05368,-0.01464,-0.11224,-0.06344
-0.01952,-0.00244,0.0244,0.03416,0.04392,-0.03172,-0.01464,-0.03416,-0.05368,-0.01464,-0.11712,-0.06344
-0.01464,-0.00732,0.02928,0.0366,0.04392,-0.02928,-0.01952,-0.04392,-0.05368,-0.01464,-0.11712,-0.06344
-0.01952,-0.00488,0.02928,0.03904,0.0488,-0.03416,-0.0244,-0.03904,-0.05368,-0.0244,-0.122,-0.0732
-0.0244,0,0.0244,0.0366,0.0488,-0.0366,-0.03416,-0.03904,-0.05856,-0.02928,-0.12688,-0.0732
-0.0244,-0.00488,0.03416,0.04636,0.05856,-0.04148,-0.03416,-0.03904,-0.05856,-0.01464,-0.122,-0.06832
-0.01952,-0.00732,0.03416,0.04392,0.05368,-0.0366,-0.0244,-0.03904,-0.05856,-0.0244,-0.122,-0.06344
-0.01952,-0.00976,0.03904,0.0488,0.05856,-0.03904,-0.00488,-0.03904,-0.05856,-0.01952,-0.11712,-0.06832
-0.01464,-0.0122,0.03904,0.04636,0.05368,-0.03416,-0.00488,-0.03904,-0.05856,-0.01464,-0.11712,-0.06344
-0.01952,-0.00976,0.03904,0.0488,0.05856,-0.03904,-0.00488,-0.03416,-0.0488,-0.01952,-0.11712,-0.05856
-0.01952,-0.00732,0.03416,0.04392,0.05368,-0.0366,-0.00976,-0.03904,-0.0488,-0.01952,-0.11712,-0.05856
-0.00976,-0.00732,0.0244,0.02928,0.03416,-0.02196,-0.01952,-0.02928,-0.05368,-0.01464,-0.12688,-0.06832
-0.00976,-0.00244,0.01464,0.01952,0.0244,-0.01708,-0.01952,-0.02928,-0.05856,-0.01952,-0.12688,-0.06832
-0.01952,0,0.01952,0.02928,0.03904,-0.02928,-0.01952,-0.03904,-0.05856,-0.01952,-0.11712,-0.06832
-0.0244,0,0.0244,0.0366,0.0488,-0.0366,-0.02928,-0.03904,-0.05856,-0.01952,-0.11712,-0.06832
-0.02928,0,0.02928,0.04392,0.05856,-0.04392,-0.02928,-0.03904,-0.06832,-0.02928,-0.12688,-0.05368
-0.0244,-0.00488,0.03416,0.04636,0.05856,-0.04148,-0.01952,-0.03904,-0.06344,-0.0244,-0.122,-0.05368
-0.01952,-0.00732,0.03416,0.04392,0.05368,-0.0366,-0.0244,-0.03904,-0.06344,-0.03416,-0.122,-0.05368
-0.01952,-0.00732,0.03416,0.04392,0.05368,-0.0366,-0.0244,-0.03416,-0.05856,-0.02928,-0.11224,-0.06344
-0.00976,-0.00732,0.0244,0.02928,0.03416,-0.02196,-0.01464,-0.04392,-0.05856,-0.03416,-0.122,-0.0732
-0.00976,-0.00732,0.0244,0.02928,0.03416,-0.02196,-0.01464,-0.04392,-0.06832,-0.03416,-0.11712,-0.0732
-0.00976,-0.00976,0.02928,0.03416,0.03904,-0.0244,-0.0244,-0.03904,-0.05856,-0.0244,-0.122,-0.08296
-0.01952,-0.00488,0.02928,0.03904,0.0488,-0.03416,-0.01952,-0.03904,-0.05856,-0.0244,-0.122,-0.07808
-0.01952,-0.00244,0.0244,0.03416,0.04392,-0.03172,-0.01952,-0.02928,-0.05856,-0.02928,-0.122,-0.06832
-0.01952,0.00244,0.01464,0.0244,0.03416,-0.02684,-0.0244,-0.02928,-0.06832,-0.0244,-0.12688,-0.06344
-0.01952,0.00976,0,0.00976,0.01952,-0.01952,-0.00976,-0.03904,-0.0732,-0.03416,-0.122,-0.06832
-0.01952,0,0.01952,0.02928,0.03904,-0.02928,-0.01952,-0.03904,-0.06832,-0.01952,-0.11712,-0.05856
-0.01952,0,0.01952,0.02928,0.03904,-0.02928,-0.01952,-0.03904,-0.06832,-0.01952,-0.11712,-0.05856
-0.01952,-0.00244,0.0244,0.03416,0.04392,-0.03172,-0.00976,-0.0244,-0.06344,-0.00976,-0.11224,-0.05368
-0.01464,-0.02196,0.05856,0.06588,0.0732,-0.04392,-0.00976,-0.01952,-0.0488,0,-0.0976,-0.03416
-0.00488,-0.03172,0.06832,0.07076,0.0732,-0.03904,-0.00488,-0.0244,-0.04392,-0.00488,-0.0976,-0.04392
-0.00488,-0.03416,0.0732,0.07564,0.07808,-0.04148,-0.01464,-0.0244,-0.03904,0,-0.09272,-0.04392
-0.00976,-0.03904,0.08784,0.09272,0.0976,-0.05368,-0.01464,-0.0244,-0.03416,0.01464,-0.07808,-0.0244
-0.01952,-0.0366,0.09272,0.10248,0.11224,-0.06588,-0.00488,-0.01952,-0.02928,0.01952,-0.07808,-0.01952
-0.0244,-0.02196,0.06832,0.08052,0.09272,-0.05856,0.00488,-0.01952,-0.04392,0.00488,-0.08784,-0.02928
-0.01464,-0.02928,0.0732,0.08052,0.08784,-0.05124,0.00488,-0.01464,-0.03904,0.00488,-0.08784,-0.03416
-0.00976,-0.02684,0.06344,0.06832,0.0732,-0.04148,0.00976,-0.00488,-0.02928,0.0244,-0.08296,-0.03904
-0.00976,-0.03904,0.08784,0.09272,0.0976,-0.05368,0.00488,-0.00976,-0.01464,0.03416,-0.0732,-0.02928
-0.01464,-0.04636,0.10736,0.11468,0.122,-0.06832,-0.01952,-0.01464,-0.00976,0.0244,-0.06832,-0.01464
-0.01464,-0.04636,0.10736,0.11468,0.122,-0.06832,-0.03904,-0.03416,-0.01464,0.02928,-0.06344,-0.00976
0.00488,-0.061,0.11712,0.11468,0.11224,-0.05368,-0.04392,-0.0488,-0.00976,0.03904,-0.05856,-0.00976
0.00976,-0.05856,0.10736,0.10248,0.0976,-0.04392,-0.06344,-0.0488,-0.01464,0.03904,-0.05368,-0.00976
0.0244,-0.07564,0.12688,0.11468,0.10248,-0.03904,-0.05856,-0.0488,-0.00976,0.03904,-0.05856,0
0.02928,-0.08296,0.13664,0.122,0.10736,-0.03904,-0.05856,-0.06344,-0.01952,0.03904,-0.05856,0
0.0244,-0.08296,0.14152,0.12932,0.11712,-0.04636,-0.05856,-0.05856,-0.00976,0.0488,-0.05368,0.00488
0.0244,-0.0732,0.122,0.1098,0.0976,-0.0366,-0.06344,-0.06344,-0.0244,0.04392,-0.05368,0.00976
0.02928,-0.06344,0.0976,0.08296,0.06832,-0.01952,-0.06832,-0.06344,-0.02928,0.02928,-0.06344,0
0.0244,-0.05368,0.08296,0.07076,0.05856,-0.01708,-0.0732,-0.06344,-0.0488,0.01952,-0.07808,-0.01952
0.03416,-0.05368,0.0732,0.05612,0.03904,-0.00244,-0.0732,-0.05856,-0.04392,0.0244,-0.0732,-0.01952
0.0244,-0.04392,0.06344,0.05124,0.03904,-0.00732,-0.05368,-0.0488,-0.05368,0.01464,-0.08296,-0.03904
0.01952,-0.03172,0.04392,0.03416,0.0244,-0.00244,-0.02928,-0.03904,-0.05856,0,-0.08784,-0.0488
0.01464,-0.02928,0.04392,0.0366,0.02928,-0.00732,-0.01952,-0.04392,-0.05856,0,-0.08784,-0.0488
0,-0.00732,0.01464,0.01464,0.01464,-0.00732,-0.01952,-0.05368,-0.07808,-0.0244,-0.11224,-0.05856
-0.00976,0.00488,0,0.00488,0.00976,-0.00976,-0.01464,-0.05368,-0.08296,-0.02928,-0.11224,-0.06832
-0.01464,0.00488,0.00488,0.0122,0.01952,-0.01708,-0.01464,-0.05368,-0.0732,-0.01952,-0.11224,-0.07808
-0.01952,0.00976,0,0.00976,0.01952,-0.01952,-0.01464,-0.05368,-0.07808,-0.0244,-0.11224,-0.08296
-0.02928,0.0244,-0.01952,-0.00488,0.00976,-0.01952,-0.0244,-0.05856,-0.09272,-0.03904,-0.13176,-0.08296
-0.01952,0.02196,-0.0244,-0.01464,-0.00488,-0.00732,-0.01952,-0.05856,-0.08784,-0.03416,-0.13176,-0.08784
-0.01464,0.01708,-0.01952,-0.0122,-0.00488,-0.00488,-0.0244,-0.05856,-0.0976,-0.03416,-0.13176,-0.08784
-0.00976,0.01464,-0.01952,-0.01464,-0.00976,0,-0.0244,-0.05856,-0.0976,-0.03904,-0.13176,-0.08784
-0.01952,0.01952,-0.01952,-0.00976,0,-0.00976,-0.01952,-0.05856,-0.08784,-0.04392,-0.14152,-0.0976
-0.0244,0.02928,-0.03416,-0.02196,-0.00976,-0.00732,-0.01464,-0.05856,-0.08784,-0.04392,-0.13664,-0.09272
-0.0244,0.02684,-0.02928,-0.01708,-0.00488,-0.00976,-0.01464,-0.06832,-0.0976,-0.04392,-0.13664,-0.09272
-0.0244,0.02684,-0.02928,-0.01708,-0.00488,-0.00976,-0.01464,-0.06832,-0.0976,-0.04392,-0.14152,-0.09272
-0.0244,0.02684,-0.02928,-0.01708,-0.00488,-0.00976,-0.01464,-0.05856,-0.0976,-0.04392,-0.12688,-0.09272
-0.01952,0.0122,-0.00488,0.00488,0.01464,-0.01708,0.00976,-0.0244,-0.06344,-0.0244,-0.11712,-0.07808
-0.04392,0.02928,-0.01464,0.00732,0.02928,-0.0366,0.0488,0.05368,-0.00976,-0.00976,-0.122,-0.08296
-0.03416,0,0.03416,0.05124,0.06832,-0.05124,0.05368,0.10248,0.06344,0.03904,-0.08296,-0.05856
-0.01952,-0.03904,0.0976,0.10736,0.11712,-0.06832,0.04392,0.16592,0.17568,0.1464,-0.00488,-0.01464
0.02928,-0.10492,0.18056,0.16592,0.15128,-0.061,0.07808,0.2684,0.34648,0.28304,0.10248,0.05368
0.11224,-0.19764,0.28304,0.22692,0.1708,-0.02928,0.03904,0.27816,0.50752,0.4148,0.22448,0.1464
0.18544,-0.2684,0.35136,0.25864,0.16592,0.00976,-0.11712,0.122,0.60024,0.5368,0.32208,0.21472
0.27816,-0.3782,0.47824,0.33916,0.20008,0.03904,-0.23912,0,0.71736,0.65392,0.42944,0.30744
0.32208,-0.40504,0.488,0.32696,0.16592,0.07808,-0.37088,-0.30256,0.52704,0.5612,0.4148,0.32696
0.29768,-0.33916,0.38064,0.2318,0.08296,0.10736,-0.45384,-0.59536,0.17568,0.33184,0.27328,0.26352
0.14152,-0.09516,0.0488,-0.02196,-0.09272,0.11712,-0.40504,-0.81008,-0.36112,-0.0976,-0.0488,0.0488
-0.03904,0.10248,-0.16592,-0.1464,-0.12688,0.04392,-0.39528,-1.05896,-0.83448,-0.40504,-0.2928,-0.08296
-0.13664,0.25132,-0.366,-0.29768,-0.22936,0.04636,-0.37576,-1.15656,-1.10776,-0.57584,-0.41968,-0.20496
-0.13664,0.27084,-0.40504,-0.33672,-0.2684,0.06588,-0.4392,-1.21024,-1.16632,-0.60024,-0.4392,-0.23912
-0.0976,0.2684,-0.4392,-0.3904,-0.3416,0.122,-0.44408,-1.11752,-1.13216,-0.61488,-0.488,-0.2684
-0.10248,0.23668,-0.37088,-0.31964,-0.2684,0.08296,-0.3904,-0.88816,-0.9272,-0.49776,-0.40504,-0.23912
-0.0732,0.16836,-0.26352,-0.22692,-0.19032,0.05856,-0.30256,-0.63928,-0.67832,-0.36112,-0.32208,-0.17568
-0.08296,0.11956,-0.15616,-0.11468,-0.0732,-0.00488,-0.20984,-0.47336,-0.52216,-0.25864,-0.24888,-0.13176
-0.07808,0.10736,-0.13664,-0.0976,-0.05856,-0.00976,-0.18056,-0.40016,-0.45384,-0.23424,-0.2196,-0.10248
-0.05856,0.07564,-0.09272,-0.06344,-0.03416,-0.0122,-0.122,-0.2928,-0.36112,-0.16592,-0.19032,-0.10248
-0.0732,0.09272,-0.11224,-0.07564,-0.03904,-0.01708,-0.09272,-0.1952,-0.25864,-0.13176,-0.19032,-0.11224
-0.02928,0.03416,-0.03904,-0.0244,-0.00976,-0.00976,-0.02928,-0.11224,-0.18056,-0.08784,-0.14152,-0.09272
-0.03904,0.0244,-0.00976,0.00976,0.02928,-0.03416,-0.00488,-0.07808,-0.15616,-0.05368,-0.11712,-0.06832
-0.03904,0.02928,-0.01952,0,0.01952,-0.02928,0.00488,-0.0488,-0.13176,-0.05856,-0.12688,-0.06832
-0.03904,0.03172,-0.0244,-0.00488,0.01464,-0.02684,0.01464,-0.01952,-0.0976,-0.0488,-0.13176,-0.07808
-0.04392,0.03416,-0.0244,-0.00244,0.01952,-0.03172,0.0244,0.00488,-0.07808,-0.03416,-0.11712,-0.07808
-0.04392,0.03416,-0.0244,-0.00244,0.01952,-0.03172,0.0244,0.00488,-0.07808,-0.03416,-0.11712,-0.07808
-0.02928,0.02684,-0.0244,-0.00976,0.00488,-0.01708,0.02928,0,-0.09272,-0.03416,-0.11712,-0.07808
-0.02928,0.02684,-0.0244,-0.00976,0.00488,-0.01708,0.03416,0.01464,-0.06832,-0.02928,-0.11224,-0.0732
-0.03416,0.03416,-0.03416,-0.01708,0,-0.01708,0.03904,0.01464,-0.06832,-0.02928,-0.122,-0.07808
-0.02928,0.02684,-0.0244,-0.00976,0.00488,-0.01708,0.03904,0.01464,-0.06832,-0.02928,-0.122,-0.07808
-0.02928,0.02196,-0.01464,0,0.01464,-0.02196,0.02928,0.0244,-0.06832,-0.0244,-0.10736,-0.06344
-0.02928,0.02196,-0.01464,0,0.01464,-0.02196,0.03416,0.02928,-0.06832,-0.01952,-0.10736,-0.06344
-0.02928,0.01952,-0.00976,0.00488,0.01952,-0.0244,0.03416,0.04392,-0.0488,-0.00976,-0.0976,-0.05368
-0.0244,0.01708,-0.00976,0.00244,0.01464,-0.01952,0.03416,0.04392,-0.0488,0,-0.09272,-0.05368
-0.0244,0.02196,-0.01952,-0.00732,0.00488,-0.01464,0.04392,0.03904,-0.04392,-0.00488,-0.0976,-0.05856
-0.0244,0.01952,-0.01464,-0.00244,0.00976,-0.01708,0.05368,0.04392,-0.03904,0,-0.0976,-0.06832
-0.02928,0.02196,-0.01464,0,0.01464,-0.02196,0.04392,0.0488,-0.03904,-0.00976,-0.08784,-0.05856
-0.0244,0.0122,0,0.0122,0.0244,-0.0244,0.0488,0.0488,-0.02928,-0.00488,-0.08784,-0.05856
-0.0244,0.0122,0,0.0122,0.0244,-0.0244,0.03904,0.05368,-0.02928,0.00488,-0.09272,-0.06344
-0.0244,0.01708,-0.00976,0.00244,0.01464,-0.01952,0.03904,0.05368,-0.0244,0.00488,-0.09272,-0.06344
-0.03416,0.01952,-0.00488,0.0122,0.02928,-0.03172,0.0488,0.05856,-0.01952,0.00976,-0.09272,-0.06344
-0.02928,0.01464,0,0.01464,0.02928,-0.02928,0.05368,0.06344,-0.01952,0.00976,-0.08784,-0.06344
-0.01952,0.00976,0,0.00976,0.01952,-0.01952,0.05368,0.06832,-0.00976,0.00488,-0.07808,-0.05368
-0.01952,0.00488,0.00976,0.01952,0.02928,-0.0244,0.0488,0.0732,-0.00976,0.01464,-0.0732,-0.0488
-0.01952,0.00488,0.00976,0.01952,0.02928,-0.0244,0.0488,0.0732,-0.01464,0.0244,-0.0732,-0.04392
-0.01464,-0.00244,0.01952,0.02684,0.03416,-0.0244,0.05368,0.07808,-0.00976,0.02928,-0.06832,-0.04392
-0.01464,0,0.01464,0.02196,0.02928,-0.02196,0.06344,0.07808,-0.00488,0.01952,-0.07808,-0.0488
-0.00976,-0.00488,0.01952,0.0244,0.02928,-0.01952,0.06344,0.08296,0.00488,0.0244,-0.0732,-0.0488
-0.00976,-0.00732,0.0244,0.02928,0.03416,-0.02196,0.06344,0.0976,0.01464,0.03904,-0.05856,-0.03416
-0.00976,-0.01464,0.03904,0.04392,0.0488,-0.02928,0.06344,0.10248,0.0244,0.04392,-0.05856,-0.03416
-0.01464,-0.00732,0.02928,0.0366,0.04392,-0.02928,0.05368,0.10248,0.03416,0.03904,-0.05856,-0.03416
-0.00976,-0.01464,0.03904,0.04392,0.0488,-0.02928,0.04392,0.11712,0.04392,0.0488,-0.05368,-0.0244
-0.00976,-0.01708,0.04392,0.0488,0.05368,-0.03172,0.05856,0.13176,0.04392,0.06832,-0.04392,-0.0244
-0.00976,-0.0244,0.05856,0.06344,0.06832,-0.03904,0.05856,0.14152,0.05856,0.07808,-0.03904,-0.01952
0,-0.0366,0.0732,0.0732,0.0732,-0.0366,0.05856,0.15128,0.07808,0.08296,-0.01952,-0.00488
0,-0.04392,0.08784,0.08784,0.08784,-0.04392,0.05856,0.1708,0.09272,0.09272,-0.00976,0.00976
0.00976,-0.0488,0.08784,0.08296,0.07808,-0.03416,0.0488,0.18056,0.10736,0.09272,-0.00976,0.00488
0.01464,-0.061,0.10736,0.10004,0.09272,-0.03904,0.0488,0.20008,0.13176,0.11224,0,0.01464
0.01952,-0.07076,0.122,0.11224,0.10248,-0.04148,0.0488,0.20984,0.14152,0.12688,0.01464,0.0244
0.01952,-0.08052,0.14152,0.13176,0.122,-0.05124,0.0488,0.22448,0.16592,0.15616,0.03416,0.04392
0.02928,-0.10248,0.17568,0.16104,0.1464,-0.05856,0.03904,0.244,0.18544,0.16104,0.05368,0.05856
0.02928,-0.11712,0.20496,0.19032,0.17568,-0.0732,0.03904,0.24888,0.21472,0.18544,0.07808,0.08296
0.03416,-0.12932,0.22448,0.2074,0.19032,-0.07808,0.03904,0.25864,0.23912,0.21472,0.10248,0.09272
0.02928,-0.1342,0.23912,0.22448,0.20984,-0.09028,0.0244,0.2684,0.2684,0.244,0.12688,0.11712
0.05368,-0.16836,0.28304,0.2562,0.22936,-0.08784,0.01464,0.27328,0.28304,0.25376,0.14152,0.12688
0.06832,-0.19032,0.31232,0.27816,0.244,-0.08784,0,0.27328,0.30256,0.27328,0.15616,0.13664
0.06832,-0.1952,0.32208,0.28792,0.25376,-0.09272,0.00488,0.27328,0.32696,0.29768,0.1708,0.16104
0.07808,-0.20984,0.3416,0.30256,0.26352,-0.09272,0.00976,0.2684,0.3416,0.32208,0.19032,0.18544
0.0732,-0.20984,0.34648,0.30988,0.27328,-0.10004,0.00976,0.26352,0.35624,0.33184,0.20496,0.18056
0.06344,-0.21228,0.36112,0.3294,0.29768,-0.11712,-0.00488,0.25864,0.36112,0.33672,0.20984,0.19032
0.06832,-0.21228,0.35624,0.32208,0.28792,-0.1098,-0.01464,0.25864,0.36112,0.33672,0.2196,0.19032
0.06832,-0.2074,0.34648,0.31232,0.27816,-0.10492,-0.01464,0.24888,0.35136,0.33672,0.22448,0.1952
0.0732,-0.21472,0.35624,0.31964,0.28304,-0.10492,-0.02928,0.22936,0.35624,0.33672,0.21472,0.20496
0.06832,-0.21472,0.36112,0.32696,0.2928,-0.11224,-0.0244,0.20984,0.35624,0.32696,0.21472,0.20496
0.05856,-0.1952,0.33184,0.30256,0.27328,-0.10736,-0.03416,0.19032,0.32696,0.32208,0.20008,0.18544
0.05856,-0.19276,0.32696,0.29768,0.2684,-0.10492,-0.03904,0.18544,0.30744,0.31232,0.1952,0.18056
0.06344,-0.19032,0.3172,0.28548,0.25376,-0.09516,-0.03416,0.18544,0.29768,0.31232,0.1952,0.18056
0.05856,-0.183,0.30744,0.27816,0.24888,-0.09516,-0.03416,0.17568,0.28792,0.28792,0.17568,0.1708
0.05856,-0.16592,0.27328,0.244,0.21472,-0.07808,-0.01952,0.17568,0.28792,0.28304,0.1708,0.15128
0.05856,-0.1586,0.25864,0.22936,0.20008,-0.07076,-0.01464,0.16592,0.26352,0.2684,0.16104,0.14152
0.0488,-0.14152,0.23424,0.20984,0.18544,-0.06832,-0.0244,0.14152,0.22936,0.23912,0.13176,0.13664
0.03904,-0.12444,0.20984,0.19032,0.1708,-0.06588,-0.0244,0.13664,0.20984,0.21472,0.11224,0.10736
0.03416,-0.10248,0.1708,0.15372,0.13664,-0.05124,-0.01952,0.11712,0.1708,0.19032,0.09272,0.09272
0.02928,-0.08784,0.1464,0.13176,0.11712,-0.04392,-0.01464,0.0976,0.1464,0.1708,0.07808,0.06832
0.0244,-0.0732,0.122,0.1098,0.0976,-0.0366,-0.01952,0.08784,0.14152,0.16592,0.05368,0.05856
0.01952,-0.061,0.10248,0.09272,0.08296,-0.03172,-0.01464,0.07808,0.122,0.1464,0.03416,0.03904
0.01464,-0.05612,0.0976,0.09028,0.08296,-0.03416,0,0.0732,0.09272,0.12688,0.02928,0.03904
0.00976,-0.04636,0.08296,0.07808,0.0732,-0.03172,0,0.06344,0.07808,0.10736,0.01464,0.02928
0.01952,-0.0366,0.05368,0.04392,0.03416,-0.00732,0.00488,0.03904,0.05368,0.09272,-0.00488,0.00976
0.00976,-0.0244,0.03904,0.03416,0.02928,-0.00976,-0.00488,0.02928,0.03416,0.06344,-0.01952,-0.00976
0,-0.00976,0.01952,0.01952,0.01952,-0.00976,0.00976,0.02928,0.01952,0.06344,-0.02928,-0.00488
-0.00488,0,0.00488,0.00732,0.00976,-0.00732,0.00488,0.01952,0.00976,0.05856,-0.03416,-0.01952
-0.00976,0,0.00976,0.01464,0.01952,-0.01464,0.00488,0.0244,-0.00488,0.04392,-0.03416,-0.0244
-0.00976,0.00244,0.00488,0.00976,0.01464,-0.0122,0.00488,0.01464,-0.01464,0.03416,-0.03904,-0.0244
-0.01464,0.00488,0.00488,0.0122,0.01952,-0.01708,0.00488,0.00976,-0.00976,0.04392,-0.04392,-0.02928
-0.01464,0.00488,0.00488,0.0122,0.01952,-0.01708,0,0.00488,-0.01464,0.03416,-0.0488,-0.03904
-0.00976,0.0122,-0.01464,-0.00976,-0.00488,-0.00244,0.00488,-0.00488,-0.03416,0.01952,-0.06344,-0.0488
-0.00488,0.00976,-0.01464,-0.0122,-0.00976,0.00244,0.00488,-0.0244,-0.0488,0.00976,-0.07808,-0.0488
-0.01464,0.01708,-0.01952,-0.0122,-0.00488,-0.00488,0.00488,-0.01464,-0.03416,0.01952,-0.06344,-0.03904
-0.00976,0.01464,-0.01952,-0.01464,-0.00976,0,0.00488,-0.00976,-0.02928,0.01952,-0.05368,-0.03904
-0.01464,0.01708,-0.01952,-0.0122,-0.00488,-0.00488,0.00488,-0.0244,-0.0488,0.00976,-0.06832,-0.04392
-0.01464,0.02196,-0.02928,-0.02196,-0.01464,0,0.00488,-0.02928,-0.0488,0.00976,-0.06832,-0.0488
-0.01464,0.02684,-0.03904,-0.03172,-0.0244,0.00488,0.00488,-0.0244,-0.05368,0.00976,-0.0732,-0.0488
-0.01464,0.02928,-0.04392,-0.0366,-0.02928,0.00732,0.00488,-0.0244,-0.05368,0.00488,-0.0732,-0.0488
-0.01464,0.02684,-0.03904,-0.03172,-0.0244,0.00488,-0.00488,-0.02928,-0.05368,0.00976,-0.07808,-0.0488
-0.01952,0.03172,-0.04392,-0.03416,-0.0244,0.00244,0,-0.0244,-0.05368,0.01464,-0.07808,-0.05368
-0.01464,0.02684,-0.03904,-0.03172,-0.0244,0.00488,-0.00488,-0.03416,-0.06344,0.00488,-0.0732,-0.05368
-0.01464,0.03172,-0.0488,-0.04148,-0.03416,0.00976,-0.00488,-0.03416,-0.06832,-0.00488,-0.08296,-0.05368
-0.01952,0.02684,-0.03416,-0.0244,-0.01464,-0.00244,-0.00488,-0.03416,-0.0732,0.00488,-0.08296,-0.05368
-0.01952,0.02684,-0.03416,-0.0244,-0.01464,-0.00244,0,-0.02928,-0.0732,0.00488,-0.08296,-0.05856
-0.01464,0.02928,-0.04392,-0.0366,-0.02928,0.00732,-0.00488,-0.01952,-0.08296,-0.00488,-0.08296,-0.06832
-0.00976,0.0244,-0.03904,-0.03416,-0.02928,0.00976,-0.00488,-0.01952,-0.08296,-0.01464,-0.08296,-0.06832
-0.0244,0.03904,-0.05368,-0.04148,-0.02928,0.00244,-0.01464,-0.02928,-0.07808,-0.00976,-0.08296,-0.05856
-0.0244,0.0366,-0.0488,-0.0366,-0.0244,0,-0.00976,-0.02928,-0.07808,0,-0.08296,-0.05856
-0.0244,0.0366,-0.0488,-0.0366,-0.0244,0,0,-0.01952,-0.06832,0,-0.08296,-0.05856
-0.0244,0.02928,-0.03416,-0.02196,-0.00976,-0.00732,0.01952,-0.01464,-0.06832,0,-0.06832,-0.05856
-0.03416,0.03904,-0.04392,-0.02684,-0.00976,-0.0122,0.0244,-0.00488,-0.06832,0.00488,-0.0732,-0.05368
-0.03416,0.03904,-0.04392,-0.02684,-0.00976,-0.0122,0.0244,0,-0.06832,0.00488,-0.0732,-0.05368
