i,aVR,ii,aVF,iii,aVL,V1,V2,V3,V4,V5,V6
-0.00488,-0.01952,0.04392,0.04636,0.0488,-0.02684,-0.02928,-0.06344,-0.03416,-0.03904,0.01464,0.03416
-0.00976,-0.00976,0.02928,0.03416,0.03904,-0.0244,-0.05368,-0.0976,-0.05856,-0.0488,0.00488,0.0244
-0.01464,-0.00244,0.01952,0.02684,0.03416,-0.0244,-0.0732,-0.11224,-0.06832,-0.06344,0,0.01464
-0.01464,-0.00244,0.01952,0.02684,0.03416,-0.0244,-0.06832,-0.11712,-0.0732,-0.06344,0,0.01464
-0.0244,-0.00244,0.02928,0.04148,0.05368,-0.03904,-0.05856,-0.0976,-0.07808,-0.05856,0.00488,0.0244
-0.02928,0.00976,0.00976,0.0244,0.03904,-0.03416,-0.05368,-0.08784,-0.07808,-0.05856,0.00488,0.02928
-0.02928,0.0244,-0.01952,-0.00488,0.00976,-0.01952,-0.04392,-0.08784,-0.07808,-0.07808,-0.00976,0.00976
-0.03904,0.05124,-0.06344,-0.04392,-0.0244,-0.00732,-0.03904,-0.08296,-0.0976,-0.09272,-0.03416,-0.01464
-0.05856,0.08296,-0.10736,-0.07808,-0.0488,-0.00488,-0.0244,-0.08296,-0.11224,-0.10248,-0.04392,-0.03904
-0.05856,0.09028,-0.122,-0.09272,-0.06344,0.00244,-0.0244,-0.08296,-0.11712,-0.11712,-0.05856,-0.0488
-0.05856,0.09028,-0.122,-0.09272,-0.06344,0.00244,-0.03416,-0.08784,-0.13664,-0.13176,-0.0732,-0.05368
-0.06344,0.0976,-0.13176,-0.10004,-0.06832,0.00244,-0.04392,-0.08784,-0.1464,-0.14152,-0.08296,-0.06344
-0.06344,0.1098,-0.15616,-0.12444,-0.09272,0.01464,-0.03416,-0.08784,-0.1464,-0.1464,-0.09272,-0.06832
-0.06344,0.1098,-0.15616,-0.12444,-0.09272,0.01464,-0.03416,-0.08784,-0.14152,-0.15128,-0.08784,-0.06832
-0.06344,0.10736,-0.15128,-0.11956,-0.08784,0.0122,-0.03416,-0.08784,-0.1464,-0.15128,-0.08784,-0.05856
-0.06832,0.1098,-0.15128,-0.11712,-0.08296,0.00732,-0.03416,-0.08784,-0.1464,-0.1464,-0.08784,-0.05856
-0.06832,0.11712,-0.16592,-0.13176,-0.0976,0.01464,-0.03416,-0.08784,-0.15128,-0.15128,-0.09272,-0.0732
-0.06832,0.11712,-0.16592,-0.13176,-0.0976,0.01464,-0.03416,-0.08296,-0.15128,-0.15128,-0.09272,-0.0732
-0.06344,0.11224,-0.16104,-0.12932,-0.0976,0.01708,-0.03416,-0.08296,-0.1464,-0.15128,-0.09272,-0.0732
-0.06344,0.11224,-0.16104,-0.12932,-0.0976,0.01708,-0.03416,-0.08296,-0.1464,-0.15128,-0.09272,-0.0732
-0.06344,0.11468,-0.16592,-0.1342,-0.10248,0.01952,-0.03416,-0.08296,-0.1464,-0.15616,-0.09272,-0.07808
-0.06344,0.11468,-0.16592,-0.1342,-0.10248,0.01952,-0.03416,-0.08296,-0.1464,-0.16104,-0.09272,-0.07808
-0.06344,0.11956,-0.17568,-0.14396,-0.11224,0.0244,-0.02928,-0.08296,-0.15128,-0.16104,-0.0976,-0.07808
-0.06344,0.11712,-0.1708,-0.13908,-0.10736,0.02196,-0.02928,-0.08296,-0.15128,-0.16104,-0.0976,-0.07808
-0.06344,0.11956,-0.17568,-0.14396,-0.11224,0.0244,-0.02928,-0.0732,-0.15128,-0.15616,-0.0976,-0.06832
-0.06344,0.11956,-0.17568,-0.14396,-0.11224,0.0244,-0.02928,-0.0732,-0.15128,-0.15128,-0.0976,-0.0732
-0.05368,0.11468,-0.17568,-0.14884,-0.122,0.03416,-0.0244,-0.06832,-0.15128,-0.15128,-0.0976,-0.0732
-0.05368,0.11468,-0.17568,-0.14884,-0.122,0.03416,-0.0244,-0.06832,-0.1464,-0.15128,-0.0976,-0.0732
-0.06344,0.11956,-0.17568,-0.14396,-0.11224,0.0244,-0.01952,-0.0732,-0.1464,-0.15128,-0.08784,-0.0732
-0.0732,0.12932,-0.18544,-0.14884,-0.11224,0.01952,0.00488,-0.0488,-0.16592,-0.1708,-0.10736,-0.08296
-0.10248,0.19276,-0.28304,-0.2318,-0.18056,0.03904,0.122,0.05368,-0.20008,-0.26352,-0.19032,-0.17568
-0.13664,0.23424,-0.33184,-0.26352,-0.1952,0.02928,0.244,0.19032,-0.18056,-0.3172,-0.25376,-0.23424
-0.11712,0.1952,-0.27328,-0.21472,-0.15616,0.01952,0.23912,0.18056,-0.122,-0.2684,-0.19032,-0.16592
-0.05368,0.061,-0.06832,-0.04148,-0.01464,-0.01952,0.13664,0.15128,0.03904,-0.0976,-0.03416,-0.01464
0.13176,-0.18544,0.23912,0.17324,0.10736,0.0122,-0.12688,0.09272,0.34648,0.24888,0.244,0.22448
0.36112,-0.49044,0.61976,0.4392,0.25864,0.05124,-0.63928,-0.32696,0.55144,0.67344,0.62464,0.57096
0.50752,-0.7076,0.90768,0.65392,0.40016,0.05368,-1.098,-0.8784,0.68808,1.05896,0.9516,0.8784
0.6344,-0.88084,1.12728,0.81008,0.49288,0.07076,-1.33712,-0.99064,0.94672,1.44936,1.25904,1.13704
0.6832,-0.94916,1.21512,0.87352,0.53192,0.07564,-1.39568,-1.07848,1.21512,1.71288,1.41032,1.2444
0.61,-0.79788,0.98576,0.68076,0.37576,0.11712,-1.22,-1.0492,1.0736,1.5128,1.21512,1.06384
0.32208,-0.4026,0.48312,0.32208,0.16104,0.08052,-0.86864,-1.0248,0.18056,0.71248,0.65392,0.61
0.00976,-0.00976,0.00976,0.00488,0,0.00488,-0.48312,-0.91744,-0.60024,-0.08784,0.10248,0.15616
-0.12688,0.0854,-0.04392,0.01952,0.08296,-0.10492,-0.29768,-0.7808,-0.4636,-0.18544,-0.04392,0.00976
-0.08784,0.0854,-0.08296,-0.03904,0.00488,-0.04636,-0.22448,-0.56608,-0.3904,-0.16104,-0.04392,-0.00488
-0.05368,0.0488,-0.04392,-0.01708,0.00976,-0.03172,-0.19032,-0.33184,-0.25864,-0.12688,-0.0244,0
-0.0732,0.08296,-0.09272,-0.05612,-0.01952,-0.02684,-0.05856,-0.14152,-0.15616,-0.0976,-0.03904,-0.00976
-0.06344,0.0854,-0.10736,-0.07564,-0.04392,-0.00976,-0.00488,-0.11224,-0.12688,-0.0976,-0.03416,-0.01464
-0.05368,0.0854,-0.11712,-0.09028,-0.06344,0.00488,0.01464,-0.09272,-0.122,-0.10736,-0.05368,-0.03416
-0.0488,0.08784,-0.12688,-0.10248,-0.07808,0.01464,0.02928,-0.02928,-0.10736,-0.11712,-0.05368,-0.03904
-0.0488,0.10004,-0.15128,-0.12688,-0.10248,0.02684,0.0488,-0.00488,-0.11224,-0.12688,-0.06344,-0.05368
-0.05368,0.10492,-0.15616,-0.12932,-0.10248,0.0244,0.05856,-0.00976,-0.11224,-0.13176,-0.06832,-0.05856
-0.05856,0.10492,-0.15128,-0.122,-0.09272,0.01708,0.05856,-0.01464,-0.10736,-0.13176,-0.0732,-0.0488
-0.05368,0.10248,-0.15128,-0.12444,-0.0976,0.02196,0.05368,-0.00488,-0.10248,-0.13176,-0.07808,-0.0488
-0.05368,0.10492,-0.15616,-0.12932,-0.10248,0.0244,0.05368,0.0244,-0.10248,-0.12688,-0.07808,-0.05368
-0.05368,0.10492,-0.15616,-0.12932,-0.10248,0.0244,0.05368,0.0244,-0.0976,-0.122,-0.07808,-0.05368
-0.05856,0.10736,-0.15616,-0.12688,-0.0976,0.01952,0.05368,0.0244,-0.09272,-0.11712,-0.0732,-0.0488
-0.05856,0.10736,-0.15616,-0.12688,-0.0976,0.01952,0.05856,0.02928,-0.09272,-0.11712,-0.0732,-0.0488
-0.05368,0.10492,-0.15616,-0.12932,-0.10248,0.0244,0.06344,0.03904,-0.07808,-0.11224,-0.06344,-0.04392
-0.05368,0.10248,-0.15128,-0.12444,-0.0976,0.02196,0.06344,0.03904,-0.0732,-0.11224,-0.05856,-0.04392
-0.04392,0.09516,-0.1464,-0.12444,-0.10248,0.02928,0.06344,0.04392,-0.0732,-0.122,-0.06344,-0.04392
-0.04392,0.09516,-0.1464,-0.12444,-0.10248,0.02928,0.06832,0.04392,-0.07808,-0.122,-0.06344,-0.04392
-0.03904,0.0854,-0.13176,-0.11224,-0.09272,0.02684,0.06832,0.0488,-0.0732,-0.11224,-0.05368,-0.04392
-0.03904,0.0854,-0.13176,-0.11224,-0.09272,0.02684,0.0732,0.06344,-0.0732,-0.11712,-0.0488,-0.03904
-0.03904,0.08784,-0.13664,-0.11712,-0.0976,0.02928,0.0732,0.06344,-0.06832,-0.11712,-0.0488,-0.03904
-0.03904,0.0854,-0.13176,-0.11224,-0.09272,0.02684,0.0732,0.06832,-0.05856,-0.11712,-0.04392,-0.03904
-0.03904,0.0854,-0.13176,-0.11224,-0.09272,0.02684,0.0732,0.07808,-0.05368,-0.11224,-0.05368,-0.03416
-0.03416,0.08052,-0.12688,-0.1098,-0.09272,0.02928,0.0732,0.08296,-0.04392,-0.10248,-0.0488,-0.03416
-0.03416,0.07564,-0.11712,-0.10004,-0.08296,0.0244,0.06832,0.09272,-0.03904,-0.09272,-0.03904,-0.0244
-0.03416,0.07076,-0.10736,-0.09028,-0.0732,0.01952,0.06832,0.10248,-0.03904,-0.08296,-0.03416,-0.0244
-0.03416,0.07564,-0.11712,-0.10004,-0.08296,0.0244,0.07808,0.10248,-0.0244,-0.08296,-0.02928,-0.0244
-0.02928,0.07076,-0.11224,-0.0976,-0.08296,0.02684,0.08784,0.11712,-0.01464,-0.07808,-0.0244,-0.01464
-0.02928,0.06344,-0.0976,-0.08296,-0.06832,0.01952,0.08784,0.12688,-0.00976,-0.06832,-0.0244,-0.01464
-0.02928,0.06344,-0.0976,-0.08296,-0.06832,0.01952,0.09272,0.13176,0,-0.06344,-0.01952,-0.00488
-0.0244,0.05612,-0.08784,-0.07564,-0.06344,0.01952,0.0976,0.1464,0.00976,-0.05368,-0.00976,-0.00488
-0.01952,0.0488,-0.07808,-0.06832,-0.05856,0.01952,0.10248,0.15616,0.01952,-0.05368,-0.00488,0.00488
-0.01952,0.05368,-0.08784,-0.07808,-0.06832,0.0244,0.0976,0.1708,0.03904,-0.03904,0,0.01464
-0.01952,0.04636,-0.0732,-0.06344,-0.05368,0.01708,0.10248,0.18544,0.0488,-0.02928,0,0.0244
-0.01952,0.04392,-0.06832,-0.05856,-0.0488,0.01464,0.10736,0.20496,0.05368,-0.01952,0.00488,0.0244
-0.01952,0.03904,-0.05856,-0.0488,-0.03904,0.00976,0.11224,0.2196,0.06832,-0.00976,0.01464,0.03416
-0.00488,0.0244,-0.04392,-0.04148,-0.03904,0.01708,0.12688,0.23912,0.08296,0,0.01952,0.03904
0,0.01952,-0.03904,-0.03904,-0.03904,0.01952,0.13664,0.25864,0.10248,0.00976,0.0244,0.0488
-0.00488,0.02196,-0.03904,-0.0366,-0.03416,0.01464,0.13664,0.28304,0.122,0.02928,0.03904,0.0488
0.00488,0.00976,-0.0244,-0.02684,-0.02928,0.01708,0.13664,0.30256,0.13664,0.04392,0.04392,0.05368
0.01464,0.00244,-0.01952,-0.02684,-0.03416,0.0244,0.16104,0.32696,0.1708,0.06344,0.05368,0.06832
0.01952,-0.00732,-0.00488,-0.01464,-0.0244,0.02196,0.16592,0.35624,0.18544,0.0732,0.06344,0.07808
0.02928,-0.02196,0.01464,0,-0.01464,0.02196,0.1708,0.38552,0.20984,0.07808,0.06832,0.08784
0.02928,-0.02684,0.0244,0.00976,-0.00488,0.01708,0.17568,0.40992,0.23424,0.0976,0.07808,0.0976
0.04392,-0.03904,0.03416,0.0122,-0.00976,0.02684,0.18056,0.42944,0.24888,0.10248,0.10248,0.10736
0.0488,-0.05124,0.05368,0.02928,0.00488,0.02196,0.18056,0.44896,0.27328,0.122,0.11224,0.11712
0.05368,-0.061,0.06832,0.04148,0.01464,0.01952,0.1952,0.45384,0.28304,0.13176,0.11224,0.122
0.05856,-0.07076,0.08296,0.05368,0.0244,0.01708,0.1952,0.4636,0.29768,0.14152,0.122,0.13176
0.05856,-0.06832,0.07808,0.0488,0.01952,0.01952,0.19032,0.47824,0.30744,0.15128,0.14152,0.13664
0.06344,-0.07564,0.08784,0.05612,0.0244,0.01952,0.19032,0.488,0.3172,0.15616,0.1464,0.1464
0.06344,-0.08052,0.0976,0.06588,0.03416,0.01464,0.19032,0.49288,0.30744,0.16104,0.1464,0.15616
0.06832,-0.08784,0.10736,0.0732,0.03904,0.01464,0.19032,0.49776,0.32208,0.16592,0.15128,0.16104
0.0732,-0.09028,0.10736,0.07076,0.03416,0.01952,0.19032,0.49776,0.32696,0.16592,0.16592,0.16104
0.0732,-0.09516,0.11712,0.08052,0.04392,0.01464,0.18544,0.49776,0.33184,0.1708,0.1708,0.16104
0.0732,-0.0976,0.122,0.0854,0.0488,0.0122,0.18544,0.488,0.33184,0.18056,0.1708,0.16592
0.0732,-0.10004,0.12688,0.09028,0.05368,0.00976,0.18056,0.47824,0.33184,0.18056,0.1708,0.1708
0.06832,-0.0976,0.12688,0.09272,0.05856,0.00488,0.1708,0.45872,0.32208,0.1708,0.17568,0.1708
0.06344,-0.09516,0.12688,0.09516,0.06344,0,0.16592,0.42944,0.29768,0.16104,0.16592,0.16592
0.06344,-0.0854,0.10736,0.07564,0.04392,0.00976,0.14152,0.3904,0.2684,0.15128,0.16104,0.1464
0.0488,-0.0732,0.0976,0.0732,0.0488,0,0.13176,0.35136,0.244,0.12688,0.1464,0.13664
0.03904,-0.06344,0.08784,0.06832,0.0488,-0.00488,0.12688,0.31232,0.20984,0.0976,0.122,0.12688
0.02928,-0.0488,0.06832,0.05368,0.03904,-0.00488,0.11224,0.26352,0.17568,0.0732,0.10248,0.10736
0.0244,-0.03172,0.03904,0.02684,0.01464,0.00488,0.10248,0.22448,0.14152,0.05368,0.08784,0.09272
0.01952,-0.01952,0.01952,0.00976,0,0.00976,0.09272,0.18544,0.11224,0.02928,0.06344,0.07808
0.00488,-0.00244,0,-0.00244,-0.00488,0.00488,0.06832,0.15616,0.07808,0.00488,0.03904,0.0488
0,0.00732,-0.01464,-0.01464,-0.01464,0.00732,0.06344,0.122,0.05368,-0.01464,0.01952,0.03904
-0.00976,0.01708,-0.0244,-0.01952,-0.01464,0.00244,0.0488,0.10248,0.0244,-0.0244,0.01464,0.0244
-0.01464,0.03172,-0.0488,-0.04148,-0.03416,0.00976,0.03904,0.07808,0,-0.0488,0.00976,0.0244
-0.0244,0.04148,-0.05856,-0.04636,-0.03416,0.00488,0.03904,0.05856,-0.01464,-0.06344,-0.01464,0.01464
-0.0244,0.04636,-0.06832,-0.05612,-0.04392,0.00976,0.02928,0.03904,-0.04392,-0.06832,-0.0244,0.00488
-0.03904,0.05368,-0.06832,-0.0488,-0.02928,-0.00488,0.0244,0.02928,-0.05368,-0.08296,-0.0244,0.00976
-0.04392,0.061,-0.07808,-0.05612,-0.03416,-0.00488,0.01952,0.01464,-0.06344,-0.08784,-0.03904,0
-0.03904,0.061,-0.08296,-0.06344,-0.04392,0.00244,0.01952,0.00488,-0.06832,-0.0976,-0.04392,-0.01464
-0.03904,0.06344,-0.08784,-0.06832,-0.0488,0.00488,0.01952,0.00488,-0.07808,-0.10248,-0.03904,-0.01464
-0.04392,0.07076,-0.0976,-0.07564,-0.05368,0.00488,0.01464,0.00488,-0.08296,-0.10248,-0.04392,-0.01464
-0.04392,0.0732,-0.10248,-0.08052,-0.05856,0.00732,0.01464,-0.00488,-0.07808,-0.10736,-0.04392,-0.01952
-0.05368,0.07564,-0.0976,-0.07076,-0.04392,-0.00488,0.01464,-0.00488,-0.08296,-0.10736,-0.0488,-0.00976
-0.05856,0.07808,-0.0976,-0.06832,-0.03904,-0.00976,0.01464,-0.00488,-0.08296,-0.10736,-0.0488,-0.00976
-0.0488,0.0732,-0.0976,-0.0732,-0.0488,0,0.01464,-0.00488,-0.07808,-0.10736,-0.04392,-0.01952
-0.0488,0.0732,-0.0976,-0.0732,-0.0488,0,0.01464,-0.00488,-0.07808,-0.10736,-0.04392,-0.01952
-0.0488,0.0732,-0.0976,-0.0732,-0.0488,0,0.01464,-0.00488,-0.07808,-0.10736,-0.03904,-0.01952
-0.0488,0.07076,-0.09272,-0.06832,-0.04392,-0.00244,0.01464,-0.00488,-0.07808,-0.10736,-0.04392,-0.01952
-0.0488,0.06588,-0.08296,-0.05856,-0.03416,-0.00732,0.01464,-0.00488,-0.0732,-0.0976,-0.03416,-0.0244
-0.0488,0.06588,-0.08296,-0.05856,-0.03416,-0.00732,0.01464,-0.00488,-0.0732,-0.0976,-0.03416,-0.01952
-0.03904,0.06344,-0.08784,-0.06832,-0.0488,0.00488,0,-0.00488,-0.0732,-0.10736,-0.03904,-0.01952
-0.03904,0.06344,-0.08784,-0.06832,-0.0488,0.00488,0,-0.00488,-0.06832,-0.10248,-0.03416,-0.01952
-0.0488,0.06588,-0.08296,-0.05856,-0.03416,-0.00732,0,-0.00488,-0.06832,-0.10248,-0.0244,-0.01952
-0.04392,0.06344,-0.08296,-0.061,-0.03904,-0.00244,0,-0.00976,-0.06832,-0.10248,-0.0244,-0.01464
-0.04392,0.06344,-0.08296,-0.061,-0.03904,-0.00244,0,0,-0.06832,-0.09272,-0.0244,-0.00488
-0.04392,0.06344,-0.08296,-0.061,-0.03904,-0.00244,-0.00488,0,-0.06832,-0.08784,-0.0244,-0.00488
-0.04392,0.061,-0.07808,-0.05612,-0.03416,-0.00488,-0.00488,-0.00976,-0.06832,-0.08784,-0.02928,-0.00488
-0.03904,0.05856,-0.07808,-0.05856,-0.03904,0,-0.00488,-0.01464,-0.0732,-0.08784,-0.02928,-0.00488
-0.04392,0.06344,-0.08296,-0.061,-0.03904,-0.00244,-0.00488,-0.01464,-0.08296,-0.0976,-0.02928,-0.00976
-0.03904,0.061,-0.08296,-0.06344,-0.04392,0.00244,-0.00488,-0.01952,-0.08784,-0.0976,-0.02928,-0.00976
-0.03904,0.061,-0.08296,-0.06344,-0.04392,0.00244,-0.00976,-0.01952,-0.08784,-0.0976,-0.03416,-0.00488
-0.03904,0.061,-0.08296,-0.06344,-0.04392,0.00244,-0.00976,-0.01952,-0.08784,-0.0976,-0.02928,-0.00488
-0.04392,0.06588,-0.08784,-0.06588,-0.04392,0,-0.00976,-0.0244,-0.09272,-0.10248,-0.02928,-0.00976
-0.04392,0.06588,-0.08784,-0.06588,-0.04392,0,-0.00976,-0.0244,-0.09272,-0.10248,-0.02928,-0.00976
-0.04392,0.06588,-0.08784,-0.06588,-0.04392,0,-0.00976,-0.02928,-0.08784,-0.09272,-0.02928,-0.00976
-0.04392,0.06588,-0.08784,-0.06588,-0.04392,0,-0.00976,-0.02928,-0.08784,-0.09272,-0.03416,-0.00976
-0.05368,0.07564,-0.0976,-0.07076,-0.04392,-0.00488,-0.00976,-0.02928,-0.10248,-0.10248,-0.0244,-0.00976
-0.05368,0.07808,-0.10248,-0.07564,-0.0488,-0.00244,-0.01464,-0.03416,-0.10248,-0.10736,-0.02928,-0.00976
-0.04392,0.06832,-0.09272,-0.07076,-0.0488,0.00244,-0.00976,-0.03904,-0.10736,-0.11224,-0.03904,-0.01952
-0.04392,0.07076,-0.0976,-0.07564,-0.05368,0.00488,-0.00976,-0.03904,-0.10736,-0.11224,-0.03904,-0.01952
-0.04392,0.07564,-0.10736,-0.0854,-0.06344,0.00976,-0.01464,-0.0488,-0.11224,-0.11712,-0.04392,-0.0244
-0.0488,0.08052,-0.11224,-0.08784,-0.06344,0.00732,-0.01464,-0.0488,-0.11224,-0.11224,-0.04392,-0.0244
-0.0488,0.07808,-0.10736,-0.08296,-0.05856,0.00488,-0.01464,-0.0488,-0.12688,-0.11224,-0.04392,-0.01464
-0.0488,0.07808,-0.10736,-0.08296,-0.05856,0.00488,-0.01464,-0.05368,-0.12688,-0.11712,-0.04392,-0.01952
-0.0488,0.07808,-0.10736,-0.08296,-0.05856,0.00488,-0.0244,-0.05856,-0.11712,-0.11224,-0.04392,-0.02928
-0.0488,0.08052,-0.11224,-0.08784,-0.06344,0.00732,-0.0244,-0.06344,-0.122,-0.11712,-0.0488,-0.02928
-0.0488,0.08052,-0.11224,-0.08784,-0.06344,0.00732,-0.0244,-0.06344,-0.13176,-0.11712,-0.0488,-0.0244
-0.0488,0.08052,-0.11224,-0.08784,-0.06344,0.00732,-0.0244,-0.06344,-0.12688,-0.11712,-0.0488,-0.0244
-0.0488,0.08296,-0.11712,-0.09272,-0.06832,0.00976,-0.0244,-0.05368,-0.13176,-0.12688,-0.05368,-0.0244
-0.0488,0.08296,-0.11712,-0.09272,-0.06832,0.00976,-0.02928,-0.06832,-0.13664,-0.12688,-0.0488,-0.02928
-0.0488,0.08296,-0.11712,-0.09272,-0.06832,0.00976,-0.02928,-0.06832,-0.13664,-0.12688,-0.0488,-0.02928
-0.0488,0.0854,-0.122,-0.0976,-0.0732,0.0122,-0.02928,-0.06832,-0.13664,-0.13664,-0.05856,-0.02928
-0.0488,0.08296,-0.11712,-0.09272,-0.06832,0.00976,-0.0244,-0.06832,-0.13664,-0.13664,-0.05856,-0.02928
-0.05368,0.08296,-0.11224,-0.0854,-0.05856,0.00244,-0.01952,-0.05856,-0.13176,-0.122,-0.05368,-0.0244
-0.0488,0.07564,-0.10248,-0.07808,-0.05368,0.00244,-0.01952,-0.05368,-0.122,-0.11712,-0.04392,-0.0244
-0.0488,0.06832,-0.08784,-0.06344,-0.03904,-0.00488,-0.00976,-0.05368,-0.11224,-0.11712,-0.02928,-0.00976
-0.0488,0.061,-0.0732,-0.0488,-0.0244,-0.0122,0.00488,-0.05368,-0.10736,-0.10736,-0.01952,-0.00488
-0.03904,0.05368,-0.06832,-0.0488,-0.02928,-0.00488,-0.00488,-0.04392,-0.10736,-0.10736,-0.02928,-0.00488
-0.03416,0.0488,-0.06344,-0.04636,-0.02928,-0.00244,-0.00488,-0.04392,-0.10248,-0.10736,-0.02928,0
-0.03416,0.05124,-0.06832,-0.05124,-0.03416,0,0.00976,-0.0488,-0.11224,-0.11712,-0.02928,-0.00976
-0.03416,0.04636,-0.05856,-0.04148,-0.0244,-0.00488,0.01464,-0.03416,-0.10248,-0.11224,-0.0244,-0.00488
-0.03904,0.03172,-0.0244,-0.00488,0.01464,-0.02684,0.01464,-0.03416,-0.08784,-0.09272,-0.01952,0.01952
-0.01952,0.00244,0.01464,0.0244,0.03416,-0.02684,-0.01464,-0.03904,-0.0732,-0.0732,0,0.03904
-0.00488,-0.01952,0.04392,0.04636,0.0488,-0.02684,-0.02928,-0.03904,-0.05368,-0.0488,0.01464,0.05368
-0.00488,-0.01464,0.03416,0.0366,0.03904,-0.02196,-0.05856,-0.0732,-0.06832,-0.05856,0.02928,0.05368
-0.00976,-0.00488,0.01952,0.0244,0.02928,-0.01952,-0.08296,-0.10248,-0.08784,-0.06832,0.00976,0.03416
-0.01464,-0.00244,0.01952,0.02684,0.03416,-0.0244,-0.08296,-0.11712,-0.10248,-0.0732,0.00976,0.03416
-0.01464,-0.00244,0.01952,0.02684,0.03416,-0.0244,-0.07808,-0.12688,-0.10736,-0.08296,0,0.0244
-0.01952,0,0.01952,0.02928,0.03904,-0.02928,-0.06832,-0.11224,-0.10736,-0.07808,0.00488,0.02928
-0.00976,0,0.00976,0.01464,0.01952,-0.01464,-0.05856,-0.10248,-0.11224,-0.07808,0.00488,0.01952
-0.0244,0.02684,-0.02928,-0.01708,-0.00488,-0.00976,-0.05368,-0.0976,-0.12688,-0.09272,-0.01464,0.00976
-0.03904,0.06344,-0.08784,-0.06832,-0.0488,0.00488,-0.03416,-0.08296,-0.1464,-0.11712,-0.04392,-0.0244
-0.05368,0.0854,-0.11712,-0.09028,-0.06344,0.00488,-0.03416,-0.08296,-0.15128,-0.13176,-0.06344,-0.03904
-0.05856,0.09272,-0.12688,-0.0976,-0.06832,0.00488,-0.04392,-0.09272,-0.16592,-0.1464,-0.06344,-0.03416
-0.06344,0.10004,-0.13664,-0.10492,-0.0732,0.00488,-0.04392,-0.0976,-0.1708,-0.15616,-0.06832,-0.03904
-0.06344,0.10248,-0.14152,-0.1098,-0.07808,0.00732,-0.04392,-0.0976,-0.18056,-0.16592,-0.08784,-0.05856
-0.06344,0.10492,-0.1464,-0.11468,-0.08296,0.00976,-0.04392,-0.0976,-0.18544,-0.1708,-0.09272,-0.05856
-0.06344,0.10736,-0.15128,-0.11956,-0.08784,0.0122,-0.03416,-0.0976,-0.18056,-0.16104,-0.08784,-0.05856
-0.06344,0.10736,-0.15128,-0.11956,-0.08784,0.0122,-0.03416,-0.0976,-0.18544,-0.15616,-0.08784,-0.05856
-0.06832,0.11224,-0.15616,-0.122,-0.08784,0.00976,-0.04392,-0.0976,-0.18056,-0.16592,-0.07808,-0.06344
-0.06832,0.11224,-0.15616,-0.122,-0.08784,0.00976,-0.04392,-0.09272,-0.18056,-0.1708,-0.08296,-0.06344
-0.06832,0.11224,-0.15616,-0.122,-0.08784,0.00976,-0.04392,-0.09272,-0.18544,-0.1708,-0.08296,-0.06344
-0.06344,0.11224,-0.16104,-0.12932,-0.0976,0.01708,-0.04392,-0.09272,-0.18544,-0.1708,-0.08296,-0.06344
-0.05368,0.11468,-0.17568,-0.14884,-0.122,0.03416,-0.04392,-0.09272,-0.18544,-0.17568,-0.08784,-0.06832
-0.05368,0.11468,-0.17568,-0.14884,-0.122,0.03416,-0.04392,-0.09272,-0.18544,-0.18056,-0.0976,-0.06832
-0.06344,0.12444,-0.18544,-0.15372,-0.122,0.02928,-0.03904,-0.08296,-0.18544,-0.18056,-0.0976,-0.06832
-0.06344,0.122,-0.18056,-0.14884,-0.11712,0.02684,-0.03904,-0.08296,-0.19032,-0.18056,-0.0976,-0.06832
-0.06344,0.11956,-0.17568,-0.14396,-0.11224,0.0244,-0.02928,-0.09272,-0.19032,-0.18544,-0.0976,-0.06832
-0.06344,0.11956,-0.17568,-0.14396,-0.11224,0.0244,-0.02928,-0.09272,-0.19032,-0.18544,-0.0976,-0.0732
-0.05368,0.1098,-0.16592,-0.13908,-0.11224,0.02928,-0.0244,-0.09272,-0.19032,-0.18056,-0.0976,-0.06344
-0.05368,0.1098,-0.16592,-0.13908,-0.11224,0.02928,-0.0244,-0.08784,-0.19032,-0.18056,-0.0976,-0.06344
-0.05368,0.1098,-0.16592,-0.13908,-0.11224,0.02928,-0.03416,-0.08784,-0.1952,-0.18056,-0.0976,-0.06344
-0.05368,0.11224,-0.1708,-0.14396,-0.11712,0.03172,-0.01952,-0.06832,-0.18544,-0.18056,-0.10248,-0.06832
-0.06344,0.13664,-0.20984,-0.17812,-0.1464,0.04148,0.0244,-0.03416,-0.2196,-0.20984,-0.13664,-0.11224
-0.11224,0.2074,-0.30256,-0.24644,-0.19032,0.03904,0.15616,0.10736,-0.24888,-0.32208,-0.23424,-0.20496
-0.12688,0.2196,-0.31232,-0.24888,-0.18544,0.02928,0.23424,0.18056,-0.20496,-0.3416,-0.24888,-0.2196
-0.0976,0.1586,-0.2196,-0.1708,-0.122,0.0122,0.20984,0.17568,-0.122,-0.24888,-0.16592,-0.14152
-0.00488,-0.01708,0.03904,0.04148,0.04392,-0.0244,0.06832,0.122,0.09272,-0.0244,0.03416,0.05368
0.20008,-0.28548,0.37088,0.27084,0.1708,0.01464,-0.26352,0.02928,0.41968,0.35624,0.35136,0.3172
0.4148,-0.57828,0.74176,0.53436,0.32696,0.04392,-0.83448,-0.58072,0.55632,0.77592,0.74176,0.69784
0.55632,-0.7686,0.98088,0.70272,0.42456,0.06588,-1.18584,-0.93696,0.732,1.16144,1.04432,0.96136
0.68808,-0.93696,1.18584,0.8418,0.49776,0.09516,-1.39568,-1.07848,0.99064,1.52256,1.31272,1.1956
0.68808,-0.94428,1.20048,0.85644,0.5124,0.08784,-1.37616,-1.09312,1.21024,1.69336,1.3908,1.23464
0.55632,-0.72712,0.89792,0.61976,0.3416,0.10736,-1.13704,-1.06384,0.86864,1.32736,1.08824,0.976
0.23424,-0.28304,0.33184,0.21472,0.0976,0.06832,-0.76616,-1.05896,-0.1952,0.38064,0.44896,0.4636
-0.0244,0.01952,-0.01464,-0.00244,0.00976,-0.01708,-0.43432,-0.88328,-0.60512,-0.16592,0.03416,0.0976
-0.12688,0.09272,-0.05856,0.00488,0.06832,-0.0976,-0.2684,-0.76128,-0.47824,-0.21472,-0.05368,0.01464
-0.06344,0.05368,-0.04392,-0.0122,0.01952,-0.04148,-0.244,-0.5124,-0.37088,-0.18056,-0.03416,0.00976
-0.05368,0.05612,-0.05856,-0.03172,-0.00488,-0.0244,-0.17568,-0.28792,-0.24888,-0.1464,-0.03904,0
-0.05368,0.06588,-0.07808,-0.05124,-0.0244,-0.01464,-0.0488,-0.13176,-0.16104,-0.11712,-0.03904,-0.00976
-0.05368,0.07564,-0.0976,-0.07076,-0.04392,-0.00488,-0.01464,-0.12688,-0.1464,-0.11712,-0.04392,-0.01952
-0.03904,0.07076,-0.10248,-0.08296,-0.06344,0.0122,-0.00488,-0.0976,-0.14152,-0.13664,-0.05856,-0.0244
-0.03904,0.07808,-0.11712,-0.0976,-0.07808,0.01952,0.00976,-0.03416,-0.13176,-0.13176,-0.06832,-0.03416
-0.04392,0.09028,-0.13664,-0.11468,-0.09272,0.0244,0.03904,-0.01464,-0.14152,-0.15128,-0.07808,-0.0488
-0.0488,0.09028,-0.13176,-0.10736,-0.08296,0.01708,0.03904,-0.0244,-0.14152,-0.15128,-0.07808,-0.0488
-0.04392,0.08784,-0.13176,-0.1098,-0.08784,0.02196,0.03904,-0.0244,-0.13664,-0.15128,-0.0732,-0.05856
-0.04392,0.08784,-0.13176,-0.1098,-0.08784,0.02196,0.03416,-0.00488,-0.13176,-0.1464,-0.07808,-0.05856
-0.04392,0.09516,-0.1464,-0.12444,-0.10248,0.02928,0.04392,0.00488,-0.122,-0.1464,-0.07808,-0.05368
-0.04392,0.09516,-0.1464,-0.12444,-0.10248,0.02928,0.04392,0.00488,-0.11712,-0.14152,-0.0732,-0.03904
-0.03904,0.08784,-0.13664,-0.11712,-0.0976,0.02928,0.03416,0.00488,-0.11224,-0.13664,-0.0732,-0.0488
-0.03416,0.0854,-0.13664,-0.11956,-0.10248,0.03416,0.03904,0.00976,-0.11224,-0.13664,-0.0732,-0.0488
-0.04392,0.08784,-0.13176,-0.1098,-0.08784,0.02196,0.04392,0.01952,-0.10736,-0.13176,-0.06832,-0.04392
-0.04392,0.0854,-0.12688,-0.10492,-0.08296,0.01952,0.04392,0.01952,-0.0976,-0.13176,-0.06832,-0.04392
-0.04392,0.0854,-0.12688,-0.10492,-0.08296,0.01952,0.04392,0.0244,-0.09272,-0.14152,-0.06344,-0.04392
-0.03904,0.08052,-0.122,-0.10248,-0.08296,0.02196,0.0488,0.02928,-0.08296,-0.14152,-0.06344,-0.04392
-0.02928,0.07564,-0.122,-0.10736,-0.09272,0.03172,0.05368,0.03904,-0.08296,-0.13176,-0.06344,-0.03904
-0.02928,0.07564,-0.122,-0.10736,-0.09272,0.03172,0.05368,0.04392,-0.07808,-0.13664,-0.05856,-0.03904
-0.02928,0.07564,-0.122,-0.10736,-0.09272,0.03172,0.05368,0.03904,-0.08296,-0.12688,-0.05856,-0.03904
-0.02928,0.07564,-0.122,-0.10736,-0.09272,0.03172,0.05368,0.03904,-0.07808,-0.122,-0.05368,-0.03904
-0.0244,0.07076,-0.11712,-0.10492,-0.09272,0.03416,0.06344,0.05368,-0.06832,-0.122,-0.05368,-0.03416
-0.0244,0.07076,-0.11712,-0.10492,-0.09272,0.03416,0.06832,0.05368,-0.06344,-0.122,-0.0488,-0.02928
-0.01464,0.061,-0.10736,-0.10004,-0.09272,0.03904,0.05856,0.07808,-0.05856,-0.10248,-0.04392,-0.03416
-0.01464,0.05612,-0.0976,-0.09028,-0.08296,0.03416,0.05856,0.08296,-0.0488,-0.09272,-0.04392,-0.03416
-0.01952,0.05612,-0.09272,-0.08296,-0.0732,0.02684,0.05856,0.09272,-0.0488,-0.10248,-0.03904,-0.01464
-0.01952,0.05368,-0.08784,-0.07808,-0.06832,0.0244,0.06832,0.10248,-0.04392,-0.09272,-0.03416,-0.01464
-0.00976,0.0488,-0.08784,-0.08296,-0.07808,0.03416,0.06832,0.11224,-0.0244,-0.08784,-0.01952,0
-0.00488,0.04148,-0.07808,-0.07564,-0.0732,0.03416,0.0732,0.122,-0.01464,-0.07808,-0.00976,0.00488
-0.01464,0.05124,-0.08784,-0.08052,-0.0732,0.02928,0.07808,0.13176,-0.00488,-0.0732,-0.01464,0.00488
-0.00976,0.04392,-0.07808,-0.0732,-0.06832,0.02928,0.08784,0.14152,0.00488,-0.06344,-0.01464,-0.00488
-0.00976,0.03904,-0.06832,-0.06344,-0.05856,0.0244,0.09272,0.16104,0.00976,-0.05368,0,0.00488
0,0.02928,-0.05856,-0.05856,-0.05856,0.02928,0.09272,0.1708,0.02928,-0.04392,0,0.01952
0,0.02684,-0.05368,-0.05368,-0.05368,0.02684,0.11224,0.19032,0.03904,-0.03416,0.00488,0.02928
0.00488,0.01952,-0.04392,-0.04636,-0.0488,0.02684,0.11712,0.20984,0.05856,-0.0244,0.00976,0.03416
0.00488,0.01708,-0.03904,-0.04148,-0.04392,0.0244,0.11712,0.22936,0.06344,-0.01464,0.00976,0.04392
0.00976,0.0122,-0.03416,-0.03904,-0.04392,0.02684,0.13176,0.25376,0.08296,-0.00488,0.0244,0.0488
0.0244,0,-0.0244,-0.0366,-0.0488,0.0366,0.12688,0.27328,0.11224,0.00488,0.02928,0.0488
0.03416,-0.0122,-0.00976,-0.02684,-0.04392,0.03904,0.13664,0.29768,0.12688,0.0244,0.03904,0.06832
0.0244,-0.00976,-0.00488,-0.01708,-0.02928,0.02684,0.14152,0.33672,0.1464,0.03904,0.0488,0.0732
0.02928,-0.01952,0.00976,-0.00488,-0.01952,0.0244,0.15128,0.35624,0.1708,0.0488,0.06344,0.08296
0.03904,-0.02928,0.01952,0,-0.01952,0.02928,0.16592,0.37576,0.20008,0.06832,0.0732,0.09272
0.0488,-0.03904,0.02928,0.00488,-0.01952,0.03416,0.16592,0.40016,0.2196,0.08296,0.08784,0.10248
0.05856,-0.05124,0.04392,0.01464,-0.01464,0.0366,0.1708,0.40992,0.23424,0.09272,0.0976,0.11224
0.05856,-0.061,0.06344,0.03416,0.00488,0.02684,0.1708,0.42944,0.25376,0.10736,0.10736,0.11712
0.06832,-0.06588,0.06344,0.02928,-0.00488,0.0366,0.16592,0.45384,0.27328,0.10736,0.11712,0.12688
0.06832,-0.0732,0.07808,0.04392,0.00976,0.02928,0.16592,0.4636,0.27816,0.11712,0.12688,0.13664
0.08296,-0.08784,0.09272,0.05124,0.00976,0.0366,0.1708,0.47336,0.28304,0.122,0.13664,0.14152
0.08296,-0.09272,0.10248,0.061,0.01952,0.03172,0.1708,0.48312,0.28792,0.12688,0.14152,0.1464
0.08784,-0.09516,0.10248,0.05856,0.01464,0.0366,0.18056,0.48312,0.29768,0.14152,0.1464,0.15128
0.08784,-0.0976,0.10736,0.06344,0.01952,0.03416,0.18056,0.488,0.30744,0.1464,0.15128,0.15128
0.09272,-0.10004,0.10736,0.061,0.01464,0.03904,0.16592,0.488,0.30744,0.16104,0.15616,0.16104
0.09272,-0.10492,0.11712,0.07076,0.0244,0.03416,0.16592,0.488,0.31232,0.16592,0.16104,0.16592
0.09272,-0.10736,0.122,0.07564,0.02928,0.03172,0.16592,0.47336,0.31232,0.1708,0.16104,0.16592
0.0976,-0.11224,0.12688,0.07808,0.02928,0.03416,0.15616,0.4636,0.30256,0.1708,0.16592,0.1708
0.08784,-0.10736,0.12688,0.08296,0.03904,0.0244,0.1464,0.43432,0.30256,0.16104,0.16592,0.1708
0.08296,-0.10492,0.12688,0.0854,0.04392,0.01952,0.13664,0.40016,0.27328,0.15616,0.15616,0.15616
0.08296,-0.09272,0.10248,0.061,0.01952,0.03172,0.13176,0.36112,0.244,0.12688,0.15128,0.15616
0.0732,-0.08296,0.09272,0.05612,0.01952,0.02684,0.10736,0.32696,0.2196,0.10736,0.13664,0.13176
0.05368,-0.061,0.06832,0.04148,0.01464,0.01952,0.11224,0.2928,0.19032,0.0976,0.11224,0.11712
0.04392,-0.04636,0.0488,0.02684,0.00488,0.01952,0.0976,0.244,0.15616,0.06832,0.09272,0.10248
0.03416,-0.03172,0.02928,0.0122,-0.00488,0.01952,0.08784,0.20496,0.11712,0.05368,0.0732,0.08784
0.0244,-0.01708,0.00976,-0.00244,-0.01464,0.01952,0.0732,0.16592,0.08296,0.0244,0.05856,0.06832
0.0244,-0.00732,-0.00976,-0.02196,-0.03416,0.02928,0.06344,0.12688,0.05856,0.00488,0.03904,0.06344
0.01464,0.00488,-0.0244,-0.03172,-0.03904,0.02684,0.05856,0.0976,0.02928,-0.01464,0.0244,0.05368
0,0.0244,-0.0488,-0.0488,-0.0488,0.0244,0.04392,0.06832,0,-0.03416,0.01464,0.02928
-0.01464,0.0366,-0.05856,-0.05124,-0.04392,0.01464,0.03416,0.0488,-0.01464,-0.05368,-0.00488,0.01952
-0.01464,0.04392,-0.0732,-0.06588,-0.05856,0.02196,0.0244,0.03904,-0.02928,-0.06832,-0.00976,0.01952
-0.01464,0.0488,-0.08296,-0.07564,-0.06832,0.02684,0.01952,0.0244,-0.0488,-0.0732,-0.01952,0.00976
-0.01464,0.05368,-0.09272,-0.0854,-0.07808,0.03172,0.01464,0.00976,-0.05856,-0.08296,-0.02928,0
-0.01952,0.061,-0.10248,-0.09272,-0.08296,0.03172,0.00976,0,-0.06832,-0.09272,-0.04392,-0.01464
-0.02928,0.06832,-0.10736,-0.09272,-0.07808,0.0244,0.00976,-0.01464,-0.0732,-0.10248,-0.03904,-0.01464
-0.03416,0.07076,-0.10736,-0.09028,-0.0732,0.01952,0.00488,-0.01464,-0.07808,-0.10248,-0.03904,-0.01464
-0.0244,0.06832,-0.11224,-0.10004,-0.08784,0.03172,0.00488,-0.0244,-0.08296,-0.10248,-0.04392,-0.01464
-0.0244,0.06832,-0.11224,-0.10004,-0.08784,0.03172,0.00488,-0.0244,-0.07808,-0.10736,-0.0488,-0.01952
-0.03904,0.07808,-0.11712,-0.0976,-0.07808,0.01952,0.00488,-0.01464,-0.08296,-0.10736,-0.0488,-0.01952
-0.03904,0.07808,-0.11712,-0.0976,-0.07808,0.01952,0.00488,-0.01464,-0.08296,-0.10736,-0.0488,-0.01952
-0.03904,0.07808,-0.11712,-0.0976,-0.07808,0.01952,0.00488,-0.01464,-0.08784,-0.0976,-0.04392,-0.00976
-0.03904,0.07808,-0.11712,-0.0976,-0.07808,0.01952,0.00488,-0.01464,-0.08784,-0.0976,-0.04392,-0.00976
-0.02928,0.0732,-0.11712,-0.10248,-0.08784,0.02928,0.00488,-0.01464,-0.08784,-0.10736,-0.03904,-0.01952
-0.02928,0.07076,-0.11224,-0.0976,-0.08296,0.02684,0.00488,-0.01464,-0.08296,-0.10736,-0.04392,-0.01952
-0.02928,0.07076,-0.11224,-0.0976,-0.08296,0.02684,0.00488,-0.01464,-0.08296,-0.0976,-0.04392,-0.01464
-0.02928,0.07076,-0.11224,-0.0976,-0.08296,0.02684,0.00488,-0.01464,-0.08296,-0.0976,-0.04392,-0.00976
-0.02928,0.0732,-0.11712,-0.10248,-0.08784,0.02928,0,-0.01464,-0.08296,-0.0976,-0.03904,0
-0.02928,0.0732,-0.11712,-0.10248,-0.08784,0.02928,0,-0.01464,-0.07808,-0.09272,-0.03416,0
-0.02928,0.07076,-0.11224,-0.0976,-0.08296,0.02684,0,-0.01464,-0.06832,-0.09272,-0.03416,-0.00488
-0.0244,0.06832,-0.11224,-0.10004,-0.08784,0.03172,0,-0.01952,-0.06832,-0.09272,-0.03416,-0.00488
-0.03416,0.0732,-0.11224,-0.09516,-0.07808,0.02196,0,-0.00976,-0.07808,-0.08784,-0.0244,-0.00488
-0.03416,0.07076,-0.10736,-0.09028,-0.0732,0.01952,-0.00488,-0.00976,-0.07808,-0.08784,-0.0244,-0.00488
-0.03416,0.07076,-0.10736,-0.09028,-0.0732,0.01952,-0.00488,-0.00976,-0.0732,-0.08784,-0.02928,0.00488
-0.02928,0.06832,-0.10736,-0.09272,-0.07808,0.0244,-0.00488,-0.01464,-0.0732,-0.08784,-0.02928,0.00976
-0.0244,0.06832,-0.11224,-0.10004,-0.08784,0.03172,-0.00488,-0.0244,-0.07808,-0.08784,-0.01952,0
-0.01952,0.06588,-0.11224,-0.10248,-0.09272,0.0366,-0.00488,-0.02928,-0.07808,-0.08784,-0.01952,0.00488
-0.01952,0.06588,-0.11224,-0.10248,-0.09272,0.0366,-0.01952,-0.02928,-0.08784,-0.08784,-0.03416,-0.00488
-0.0244,0.06832,-0.11224,-0.10004,-0.08784,0.03172,-0.01952,-0.02928,-0.08784,-0.09272,-0.02928,-0.00976
-0.0244,0.07564,-0.12688,-0.11468,-0.10248,0.03904,-0.00976,-0.03416,-0.09272,-0.09272,-0.02928,0
-0.0244,0.07564,-0.12688,-0.11468,-0.10248,0.03904,-0.00976,-0.03904,-0.09272,-0.09272,-0.02928,0
-0.0244,0.07564,-0.12688,-0.11468,-0.10248,0.03904,-0.00976,-0.03904,-0.0976,-0.09272,-0.03416,0
-0.0244,0.07564,-0.12688,-0.11468,-0.10248,0.03904,-0.00976,-0.03904,-0.0976,-0.09272,-0.03416,0
-0.0244,0.07808,-0.13176,-0.11956,-0.10736,0.04148,-0.00488,-0.02928,-0.10248,-0.09272,-0.02928,0
-0.0244,0.07808,-0.13176,-0.11956,-0.10736,0.04148,0,-0.03416,-0.10248,-0.0976,-0.02928,0
-0.0244,0.08052,-0.13664,-0.12444,-0.11224,0.04392,-0.00976,-0.0488,-0.10736,-0.10248,-0.03904,-0.00976
-0.0244,0.08052,-0.13664,-0.12444,-0.11224,0.04392,-0.01464,-0.0488,-0.11224,-0.10736,-0.04392,-0.01464
-0.0244,0.08296,-0.14152,-0.12932,-0.11712,0.04636,-0.01464,-0.0488,-0.11224,-0.10248,-0.04392,-0.00488
-0.02928,0.0854,-0.14152,-0.12688,-0.11224,0.04148,-0.01464,-0.0488,-0.11712,-0.10248,-0.04392,-0.00488
-0.02928,0.08784,-0.1464,-0.13176,-0.11712,0.04392,-0.01464,-0.05368,-0.10736,-0.11224,-0.04392,-0.01464
-0.02928,0.08784,-0.1464,-0.13176,-0.11712,0.04392,-0.01464,-0.05856,-0.10736,-0.11712,-0.04392,-0.01952
-0.02928,0.08784,-0.1464,-0.13176,-0.11712,0.04392,-0.0244,-0.0488,-0.11224,-0.11712,-0.04392,-0.01952
-0.02928,0.09028,-0.15128,-0.13664,-0.122,0.04636,-0.0244,-0.05368,-0.11224,-0.11712,-0.0488,-0.0244
-0.02928,0.09516,-0.16104,-0.1464,-0.13176,0.05124,-0.0244,-0.05368,-0.122,-0.11712,-0.0488,-0.0244
-0.02928,0.0976,-0.16592,-0.15128,-0.13664,0.05368,-0.02928,-0.05368,-0.12688,-0.11712,-0.0488,-0.0244
-0.03904,0.10248,-0.16592,-0.1464,-0.12688,0.04392,-0.01464,-0.05368,-0.11712,-0.11712,-0.04392,-0.01464
-0.02928,0.0976,-0.16592,-0.15128,-0.13664,0.05368,-0.02928,-0.05856,-0.12688,-0.11712,-0.0488,-0.01952
-0.02928,0.0976,-0.16592,-0.15128,-0.13664,0.05368,-0.02928,-0.05856,-0.12688,-0.11712,-0.0488,-0.01952
-0.02928,0.10004,-0.1708,-0.15616,-0.14152,0.05612,-0.01952,-0.05856,-0.11712,-0.11712,-0.0488,-0.01952
-0.02928,0.0976,-0.16592,-0.15128,-0.13664,0.05368,-0.01464,-0.05856,-0.11712,-0.11712,-0.0488,-0.01952
-0.0244,0.09272,-0.16104,-0.14884,-0.13664,0.05612,-0.00976,-0.05856,-0.11224,-0.11224,-0.04392,-0.00488
-0.01952,0.0854,-0.15128,-0.14152,-0.13176,0.05612,-0.00976,-0.05368,-0.10248,-0.10736,-0.03416,-0.00488
-0.01952,0.07808,-0.13664,-0.12688,-0.11712,0.0488,-0.00976,-0.04392,-0.09272,-0.0976,-0.02928,0
-0.01952,0.07076,-0.122,-0.11224,-0.10248,0.04148,0.00488,-0.04392,-0.08784,-0.08784,-0.01952,0.00488
-0.01952,0.06832,-0.11712,-0.10736,-0.0976,0.03904,0.00488,-0.04392,-0.0976,-0.0976,-0.02928,0.00488
-0.01464,0.06344,-0.11224,-0.10492,-0.0976,0.04148,0.00488,-0.04392,-0.09272,-0.0976,-0.02928,0.00976
-0.01464,0.06588,-0.11712,-0.1098,-0.10248,0.04392,0.01952,-0.03904,-0.09272,-0.08784,-0.01952,0.00976
-0.01464,0.061,-0.10736,-0.10004,-0.09272,0.03904,0.0244,-0.0244,-0.08296,-0.08296,-0.01464,0.01464
-0.00976,0.04148,-0.0732,-0.06832,-0.06344,0.02684,0.0244,-0.03416,-0.06832,-0.05368,0,0.02928
0.00976,0.0122,-0.03416,-0.03904,-0.04392,0.02684,-0.00488,-0.03904,-0.05368,-0.03416,0.01952,0.0488
0.00488,0.00488,-0.01464,-0.01708,-0.01952,0.0122,-0.02928,-0.0488,-0.05368,-0.0244,0.02928,0.05368
0.00488,0.00976,-0.0244,-0.02684,-0.02928,0.01708,-0.05856,-0.08296,-0.06832,-0.04392,0.03416,0.05368
0.00976,0.01464,-0.03904,-0.04392,-0.0488,0.02928,-0.0732,-0.10248,-0.07808,-0.05856,0.01952,0.04392
0.00488,0.01708,-0.03904,-0.04148,-0.04392,0.0244,-0.0732,-0.11712,-0.09272,-0.06344,0.01952,0.04392
0.00488,0.01708,-0.03904,-0.04148,-0.04392,0.0244,-0.05856,-0.11224,-0.07808,-0.05368,0.01952,0.04392
0,0.01952,-0.03904,-0.03904,-0.03904,0.01952,-0.0488,-0.08784,-0.07808,-0.0488,0.0244,0.0488
0,0.03416,-0.06832,-0.06832,-0.06832,0.03416,-0.03904,-0.08296,-0.09272,-0.06832,0.00488,0.03416
-0.01464,0.061,-0.10736,-0.10004,-0.09272,0.03904,-0.03416,-0.07808,-0.10736,-0.08296,-0.01464,0.01464
-0.03416,0.09028,-0.1464,-0.12932,-0.11224,0.03904,-0.0244,-0.0732,-0.11712,-0.0976,-0.03416,-0.01464
-0.03904,0.10736,-0.17568,-0.15616,-0.13664,0.0488,-0.0244,-0.0732,-0.122,-0.11224,-0.05368,-0.02928
-0.02928,0.10736,-0.18544,-0.1708,-0.15616,0.06344,-0.0244,-0.08296,-0.1464,-0.12688,-0.06344,-0.03416
-0.03416,0.11468,-0.1952,-0.17812,-0.16104,0.06344,-0.0244,-0.08784,-0.15128,-0.13664,-0.06832,-0.03904
-0.04392,0.122,-0.20008,-0.17812,-0.15616,0.05612,-0.0244,-0.07808,-0.15128,-0.1464,-0.06832,-0.03904
-0.04392,0.12444,-0.20496,-0.183,-0.16104,0.05856,-0.0244,-0.07808,-0.15616,-0.15128,-0.0732,-0.03904
-0.03416,0.12688,-0.2196,-0.20252,-0.18544,0.07564,-0.0244,-0.07808,-0.15128,-0.14152,-0.07808,-0.0488
-0.03416,0.12688,-0.2196,-0.20252,-0.18544,0.07564,-0.0244,-0.07808,-0.15616,-0.13664,-0.07808,-0.0488
-0.03904,0.13176,-0.22448,-0.20496,-0.18544,0.0732,-0.0244,-0.07808,-0.16104,-0.13664,-0.07808,-0.04392
-0.03904,0.13176,-0.22448,-0.20496,-0.18544,0.0732,-0.0244,-0.0732,-0.16104,-0.14152,-0.08296,-0.04392
-0.03904,0.13176,-0.22448,-0.20496,-0.18544,0.0732,-0.01464,-0.0732,-0.16592,-0.14152,-0.08296,-0.05368
-0.03416,0.13176,-0.22936,-0.21228,-0.1952,0.08052,-0.01464,-0.0732,-0.16592,-0.14152,-0.08296,-0.05368
-0.03416,0.1342,-0.23424,-0.21716,-0.20008,0.08296,-0.01464,-0.0732,-0.16592,-0.15616,-0.09272,-0.05856
-0.03416,0.1342,-0.23424,-0.21716,-0.20008,0.08296,-0.01464,-0.0732,-0.16592,-0.16104,-0.09272,-0.05856
-0.03416,0.1342,-0.23424,-0.21716,-0.20008,0.08296,-0.00976,-0.0732,-0.15616,-0.15128,-0.08784,-0.05856
-0.03416,0.13176,-0.22936,-0.21228,-0.1952,0.08052,-0.00976,-0.0732,-0.16104,-0.15128,-0.08784,-0.05856
-0.03416,0.1342,-0.23424,-0.21716,-0.20008,0.08296,-0.00976,-0.0732,-0.16104,-0.15616,-0.08784,-0.05856
-0.03416,0.1342,-0.23424,-0.21716,-0.20008,0.08296,-0.00976,-0.0732,-0.16104,-0.15616,-0.08784,-0.06344
-0.03416,0.1342,-0.23424,-0.21716,-0.20008,0.08296,-0.00488,-0.0732,-0.1708,-0.15128,-0.08784,-0.05368
-0.03416,0.1342,-0.23424,-0.21716,-0.20008,0.08296,-0.00488,-0.06832,-0.1708,-0.15128,-0.08784,-0.05368
-0.0244,0.12932,-0.23424,-0.22204,-0.20984,0.09272,-0.00488,-0.06832,-0.16592,-0.15128,-0.08784,-0.05368
-0.03416,0.13664,-0.23912,-0.22204,-0.20496,0.0854,0.00976,-0.0488,-0.16592,-0.16104,-0.09272,-0.06832
-0.05368,0.18056,-0.30744,-0.2806,-0.25376,0.10004,0.0732,0.01464,-0.20008,-0.20984,-0.1464,-0.122
-0.10248,0.25132,-0.40016,-0.34892,-0.29768,0.0976,0.23424,0.16592,-0.20008,-0.30256,-0.244,-0.20496
-0.10736,0.23912,-0.37088,-0.3172,-0.26352,0.07808,0.244,0.19032,-0.16592,-0.2928,-0.22936,-0.19032
-0.05856,0.14396,-0.22936,-0.20008,-0.1708,0.05612,0.20984,0.18544,-0.03416,-0.1708,-0.10736,-0.08296
0.0732,-0.07076,0.06832,0.03172,-0.00488,0.03904,0.00976,0.122,0.23912,0.122,0.14152,0.15128
0.3172,-0.37332,0.42944,0.27084,0.11224,0.10248,-0.41968,-0.07808,0.5368,0.54168,0.49776,0.45384
0.48312,-0.6222,0.76128,0.51972,0.27816,0.10248,-0.96136,-0.7564,0.6344,0.93208,0.84912,0.79544
0.6344,-0.81252,0.99064,0.67344,0.35624,0.13908,-1.2444,-0.93696,0.85888,1.3176,1.16144,1.05896
0.71736,-0.93696,1.15656,0.79788,0.4392,0.13908,-1.40544,-1.08824,1.13704,1.66896,1.41032,1.27368
0.69784,-0.88084,1.06384,0.71492,0.366,0.16592,-1.30784,-1.06384,1.22976,1.6836,1.36152,1.20536
0.49776,-0.58072,0.66368,0.4148,0.16592,0.16592,-1.01016,-1.03456,0.65392,1.1224,0.93208,0.83936
0.1464,-0.12688,0.10736,0.03416,-0.03904,0.09272,-0.61976,-1.01016,-0.46848,0.11712,0.27328,0.3172
-0.03416,0.06832,-0.10248,-0.0854,-0.06832,0.01708,-0.35624,-0.82472,-0.50752,-0.1464,0.00488,0.07808
-0.08784,0.11224,-0.13664,-0.09272,-0.0488,-0.01952,-0.22936,-0.66368,-0.41968,-0.17568,-0.04392,0.01464
-0.0244,0.06832,-0.11224,-0.10004,-0.08784,0.03172,-0.20496,-0.4148,-0.2928,-0.11224,-0.01464,0.01952
-0.03416,0.0854,-0.13664,-0.11956,-0.10248,0.03416,-0.10736,-0.19032,-0.18056,-0.10736,-0.02928,0
-0.03416,0.09516,-0.15616,-0.13908,-0.122,0.04392,-0.00976,-0.10248,-0.13176,-0.08784,-0.02928,0.00976
-0.0244,0.10004,-0.17568,-0.16348,-0.15128,0.06344,0.00488,-0.08784,-0.10736,-0.0976,-0.03416,0
-0.01952,0.10492,-0.19032,-0.18056,-0.1708,0.07564,0.03416,-0.05856,-0.10248,-0.0976,-0.0488,-0.0244
-0.02928,0.11712,-0.20496,-0.19032,-0.17568,0.0732,0.0488,0.00488,-0.09272,-0.11224,-0.05856,-0.03416
-0.0244,0.11956,-0.21472,-0.20252,-0.19032,0.08296,0.06832,0.01464,-0.09272,-0.11224,-0.06832,-0.03904
-0.02928,0.11956,-0.20984,-0.1952,-0.18056,0.07564,0.06832,0.00488,-0.09272,-0.11224,-0.06832,-0.03904
-0.0244,0.11712,-0.20984,-0.19764,-0.18544,0.08052,0.06832,0.00488,-0.08784,-0.122,-0.06344,-0.03904
-0.0244,0.11712,-0.20984,-0.19764,-0.18544,0.08052,0.06344,0.0244,-0.08296,-0.11712,-0.06832,-0.03904
-0.0244,0.11956,-0.21472,-0.20252,-0.19032,0.08296,0.06344,0.03416,-0.08296,-0.11712,-0.06832,-0.04392
-0.0244,0.11956,-0.21472,-0.20252,-0.19032,0.08296,0.06344,0.03416,-0.07808,-0.11224,-0.06344,-0.03904
-0.01952,0.11712,-0.21472,-0.20496,-0.1952,0.08784,0.06344,0.03416,-0.06344,-0.0976,-0.06344,-0.03904
-0.01464,0.11468,-0.21472,-0.2074,-0.20008,0.09272,0.06832,0.03904,-0.06344,-0.0976,-0.06344,-0.03904
-0.01464,0.10736,-0.20008,-0.19276,-0.18544,0.0854,0.0732,0.0488,-0.06832,-0.10248,-0.0488,-0.03416
-0.01464,0.10492,-0.1952,-0.18788,-0.18056,0.08296,0.0732,0.0488,-0.05856,-0.10248,-0.0488,-0.03416
-0.01464,0.10492,-0.1952,-0.18788,-0.18056,0.08296,0.0732,0.05368,-0.06344,-0.10248,-0.04392,-0.03416
-0.00976,0.10004,-0.19032,-0.18544,-0.18056,0.0854,0.07808,0.05856,-0.05368,-0.10248,-0.04392,-0.03416
-0.00976,0.10004,-0.19032,-0.18544,-0.18056,0.0854,0.08296,0.06832,-0.04392,-0.10248,-0.04392,-0.02928
-0.00976,0.10004,-0.19032,-0.18544,-0.18056,0.0854,0.08296,0.0732,-0.03904,-0.10736,-0.03904,-0.02928
-0.00976,0.10004,-0.19032,-0.18544,-0.18056,0.0854,0.08296,0.07808,-0.04392,-0.10736,-0.03904,-0.01952
-0.00976,0.10004,-0.19032,-0.18544,-0.18056,0.0854,0.08296,0.07808,-0.03904,-0.10248,-0.03416,-0.01952
-0.01464,0.10004,-0.18544,-0.17812,-0.1708,0.07808,0.08296,0.09272,-0.02928,-0.09272,-0.04392,-0.0244
-0.01464,0.10004,-0.18544,-0.17812,-0.1708,0.07808,0.08784,0.09272,-0.0244,-0.09272,-0.03904,-0.01952
-0.01464,0.10004,-0.18544,-0.17812,-0.1708,0.07808,0.08784,0.0976,-0.01952,-0.08296,-0.0244,-0.01464
-0.01464,0.09516,-0.17568,-0.16836,-0.16104,0.0732,0.08784,0.10248,-0.00976,-0.0732,-0.0244,-0.01464
-0.00976,0.09028,-0.1708,-0.16592,-0.16104,0.07564,0.08784,0.122,0,-0.0732,-0.02928,-0.00488
-0.00976,0.08784,-0.16592,-0.16104,-0.15616,0.0732,0.0976,0.13176,0.00488,-0.06344,-0.0244,-0.00488
0,0.08296,-0.16592,-0.16592,-0.16592,0.08296,0.10736,0.14152,0.01464,-0.05856,-0.01952,0.00976
0.00488,0.07564,-0.15616,-0.1586,-0.16104,0.08296,0.11224,0.15128,0.0244,-0.0488,-0.00976,0.01464
0.00488,0.08052,-0.16592,-0.16836,-0.1708,0.08784,0.10736,0.16104,0.03416,-0.03416,-0.00488,0.01464
0.00976,0.0732,-0.15616,-0.16104,-0.16592,0.08784,0.11712,0.1708,0.04392,-0.0244,-0.00488,0.01464
0.00976,0.06832,-0.1464,-0.15128,-0.15616,0.08296,0.122,0.19032,0.05856,-0.0244,0,0.01464
0.01952,0.05856,-0.13664,-0.1464,-0.15616,0.08784,0.122,0.20008,0.07808,-0.01464,0,0.02928
0.01952,0.05124,-0.122,-0.13176,-0.14152,0.08052,0.13176,0.2196,0.07808,-0.00488,0.01464,0.03904
0.0244,0.04392,-0.11224,-0.12444,-0.13664,0.08052,0.13664,0.23912,0.0976,0.00488,0.01952,0.04392
0.0244,0.04148,-0.10736,-0.11956,-0.13176,0.07808,0.13664,0.25864,0.122,0.0244,0.01952,0.05368
0.02928,0.0366,-0.10248,-0.11712,-0.13176,0.08052,0.15128,0.28304,0.14152,0.03416,0.03416,0.05856
0.03416,0.02928,-0.09272,-0.1098,-0.12688,0.08052,0.15616,0.31232,0.16104,0.04392,0.03904,0.06832
0.04392,0.01708,-0.07808,-0.10004,-0.122,0.08296,0.16592,0.33672,0.17568,0.06344,0.0488,0.08784
0.04392,0.01952,-0.08296,-0.10492,-0.12688,0.0854,0.1708,0.366,0.20496,0.07808,0.06832,0.08296
0.0488,0.00976,-0.06832,-0.09272,-0.11712,0.08296,0.18056,0.38552,0.22936,0.08784,0.08296,0.09272
0.05856,-0.00488,-0.0488,-0.07808,-0.10736,0.08296,0.1952,0.40504,0.24888,0.0976,0.08296,0.10248
0.06832,-0.01464,-0.03904,-0.0732,-0.10736,0.08784,0.1952,0.42944,0.2684,0.11224,0.0976,0.11224
0.07808,-0.02196,-0.03416,-0.0732,-0.11224,0.09516,0.19032,0.44896,0.28304,0.13176,0.10736,0.122
0.07808,-0.03172,-0.01464,-0.05368,-0.09272,0.0854,0.19032,0.46848,0.30256,0.1464,0.11712,0.12688
0.08784,-0.04636,0.00488,-0.03904,-0.08296,0.0854,0.1952,0.48312,0.32208,0.1464,0.12688,0.13664
0.08784,-0.05368,0.01952,-0.0244,-0.06832,0.07808,0.1952,0.49288,0.32696,0.15616,0.13664,0.1464
0.10248,-0.05856,0.01464,-0.0366,-0.08784,0.09516,0.19032,0.50264,0.3416,0.16104,0.1464,0.15128
0.10248,-0.06344,0.0244,-0.02684,-0.07808,0.09028,0.19032,0.5124,0.34648,0.16592,0.15128,0.15616
0.10736,-0.07076,0.03416,-0.01952,-0.0732,0.09028,0.19032,0.5124,0.34648,0.1708,0.15616,0.16104
0.10736,-0.0732,0.03904,-0.01464,-0.06832,0.08784,0.19032,0.51728,0.35624,0.17568,0.16104,0.16104
0.10248,-0.06588,0.02928,-0.02196,-0.0732,0.08784,0.18544,0.51728,0.35624,0.19032,0.16592,0.18056
0.10248,-0.07076,0.03904,-0.0122,-0.06344,0.08296,0.18544,0.51728,0.36112,0.1952,0.1708,0.18544
0.11224,-0.07808,0.04392,-0.0122,-0.06832,0.09028,0.17568,0.50264,0.36112,0.19032,0.1708,0.17568
0.11712,-0.08296,0.0488,-0.00976,-0.06832,0.09272,0.16592,0.48312,0.35136,0.19032,0.17568,0.18056
0.11712,-0.08296,0.0488,-0.00976,-0.06832,0.09272,0.16592,0.45384,0.3416,0.18056,0.17568,0.18056
0.11224,-0.08052,0.0488,-0.00732,-0.06344,0.08784,0.15616,0.41968,0.31232,0.17568,0.16592,0.16592
0.09272,-0.06344,0.03416,-0.0122,-0.05856,0.07564,0.15128,0.37088,0.28304,0.1464,0.14152,0.15616
0.08296,-0.05368,0.0244,-0.01708,-0.05856,0.07076,0.12688,0.33672,0.25864,0.12688,0.12688,0.13176
0.0732,-0.0366,0,-0.0366,-0.0732,0.0732,0.122,0.30256,0.2196,0.10736,0.11224,0.12688
0.06344,-0.02196,-0.01952,-0.05124,-0.08296,0.0732,0.10736,0.25376,0.18544,0.07808,0.09272,0.11224
0.05368,-0.00244,-0.0488,-0.07564,-0.10248,0.07808,0.0976,0.21472,0.1464,0.06344,0.06344,0.0976
0.04392,0.0122,-0.06832,-0.09028,-0.11224,0.07808,0.08296,0.17568,0.11224,0.03416,0.0488,0.07808
0.03416,0.02684,-0.08784,-0.10492,-0.122,0.07808,0.0732,0.1464,0.08784,0.01464,0.03904,0.05368
0.0244,0.03904,-0.10248,-0.11468,-0.12688,0.07564,0.06832,0.11712,0.05856,-0.00488,0.0244,0.04392
0.02928,0.0488,-0.12688,-0.14152,-0.15616,0.09272,0.05368,0.08784,0.02928,-0.03416,0.01464,0.02928
0.01464,0.061,-0.13664,-0.14396,-0.15128,0.08296,0.04392,0.06832,0.01464,-0.05368,-0.00488,0.01952
0.00488,0.06832,-0.14152,-0.14396,-0.1464,0.07564,0.04392,0.0488,0,-0.06832,-0.01952,0.00976
0.00488,0.0732,-0.15128,-0.15372,-0.15616,0.08052,0.03904,0.03416,-0.01952,-0.0732,-0.02928,0
-0.00488,0.08296,-0.16104,-0.1586,-0.15616,0.07564,0.03416,0.01952,-0.03904,-0.0732,-0.02928,0
-0.00976,0.09028,-0.1708,-0.16592,-0.16104,0.07564,0.02928,0.00976,-0.0488,-0.08296,-0.04392,-0.01464
-0.00976,0.09272,-0.17568,-0.1708,-0.16592,0.07808,0.01952,0.01464,-0.05368,-0.09272,-0.03904,-0.01464
-0.01464,0.09516,-0.17568,-0.16836,-0.16104,0.0732,0.01464,0.01464,-0.0488,-0.09272,-0.03904,-0.01464
-0.00488,0.09272,-0.18056,-0.17812,-0.17568,0.0854,0.01464,-0.00488,-0.06344,-0.09272,-0.04392,-0.01464
-0.00488,0.09272,-0.18056,-0.17812,-0.17568,0.0854,0.01464,-0.00488,-0.05856,-0.0976,-0.0488,-0.01952
-0.01952,0.0976,-0.17568,-0.16592,-0.15616,0.06832,0.01464,-0.00488,-0.0732,-0.0976,-0.0488,-0.01952
-0.01952,0.0976,-0.17568,-0.16592,-0.15616,0.06832,0.01464,-0.00488,-0.0732,-0.0976,-0.0488,-0.01952
-0.01952,0.0976,-0.17568,-0.16592,-0.15616,0.06832,0.01464,0.00488,-0.06832,-0.0976,-0.05368,-0.01952
-0.01952,0.0976,-0.17568,-0.16592,-0.15616,0.06832,0.01464,0.00488,-0.05856,-0.0976,-0.05368,-0.01952
-0.01952,0.0976,-0.17568,-0.16592,-0.15616,0.06832,0.01464,-0.00488,-0.06832,-0.0976,-0.0488,-0.01952
-0.01952,0.09516,-0.1708,-0.16104,-0.15128,0.06588,0.01464,-0.00488,-0.06344,-0.0976,-0.05368,-0.01952
-0.00976,0.09028,-0.1708,-0.16592,-0.16104,0.07564,0.01464,-0.00488,-0.06344,-0.0976,-0.04392,-0.01464
-0.00976,0.09028,-0.1708,-0.16592,-0.16104,0.07564,0.01464,-0.00488,-0.06344,-0.0976,-0.04392,-0.00976
-0.00976,0.08784,-0.16592,-0.16104,-0.15616,0.0732,0.01952,0.00488,-0.05368,-0.0976,-0.0488,-0.00976
-0.00976,0.08784,-0.16592,-0.16104,-0.15616,0.0732,0.01952,0.00488,-0.0488,-0.09272,-0.04392,-0.00976
-0.01952,0.09028,-0.16104,-0.15128,-0.14152,0.061,0.00976,0.00488,-0.05856,-0.09272,-0.04392,-0.00488
-0.01464,0.08784,-0.16104,-0.15372,-0.1464,0.06588,0,0,-0.05856,-0.09272,-0.04392,-0.00488
-0.01464,0.08784,-0.16104,-0.15372,-0.1464,0.06588,0,0,-0.05856,-0.0976,-0.04392,-0.00488
-0.01464,0.0854,-0.15616,-0.14884,-0.14152,0.06344,-0.00488,0,-0.05856,-0.0976,-0.04392,-0.00488
-0.01464,0.0854,-0.15616,-0.14884,-0.14152,0.06344,0.00488,0,-0.06344,-0.0976,-0.03904,-0.00488
-0.00976,0.08296,-0.15616,-0.15128,-0.1464,0.06832,0.00488,-0.00488,-0.06344,-0.0976,-0.03904,0
-0.01464,0.09272,-0.1708,-0.16348,-0.15616,0.07076,0.00488,-0.00488,-0.06832,-0.0976,-0.03904,-0.00976
-0.00976,0.09028,-0.1708,-0.16592,-0.16104,0.07564,0.00488,-0.00976,-0.06832,-0.0976,-0.03904,-0.00488
-0.00976,0.09028,-0.1708,-0.16592,-0.16104,0.07564,0,-0.00976,-0.06832,-0.08784,-0.04392,-0.00488
-0.01464,0.09272,-0.1708,-0.16348,-0.15616,0.07076,0,-0.00976,-0.06832,-0.09272,-0.03904,-0.00976
-0.00488,0.0854,-0.16592,-0.16348,-0.16104,0.07808,-0.00976,-0.01464,-0.0732,-0.09272,-0.02928,-0.00976
-0.00488,0.0854,-0.16592,-0.16348,-0.16104,0.07808,-0.00976,-0.01952,-0.0732,-0.09272,-0.02928,-0.00976
-0.01464,0.09516,-0.17568,-0.16836,-0.16104,0.0732,-0.00976,-0.01952,-0.08784,-0.10248,-0.04392,-0.00976
-0.01464,0.09516,-0.17568,-0.16836,-0.16104,0.0732,-0.00976,-0.01952,-0.08784,-0.10248,-0.04392,-0.00976
-0.01464,0.0976,-0.18056,-0.17324,-0.16592,0.07564,-0.00488,-0.02928,-0.08296,-0.10248,-0.0488,-0.00976
-0.01464,0.0976,-0.18056,-0.17324,-0.16592,0.07564,0,-0.03416,-0.08296,-0.10736,-0.0488,-0.00976
-0.01464,0.10004,-0.18544,-0.17812,-0.1708,0.07808,0,-0.02928,-0.07808,-0.10248,-0.03904,-0.00976
-0.01464,0.10004,-0.18544,-0.17812,-0.1708,0.07808,-0.00488,-0.02928,-0.08296,-0.10736,-0.04392,-0.01464
-0.01464,0.10736,-0.20008,-0.19276,-0.18544,0.0854,0.00488,-0.02928,-0.08296,-0.11224,-0.04392,-0.0244
-0.01952,0.1098,-0.20008,-0.19032,-0.18056,0.08052,0.00488,-0.02928,-0.08784,-0.11224,-0.04392,-0.0244
-0.01952,0.10736,-0.1952,-0.18544,-0.17568,0.07808,-0.00488,-0.04392,-0.08784,-0.11224,-0.05368,-0.0244
-0.01952,0.10736,-0.1952,-0.18544,-0.17568,0.07808,-0.01464,-0.0488,-0.08784,-0.11712,-0.05368,-0.02928
-0.01952,0.10736,-0.1952,-0.18544,-0.17568,0.07808,-0.01464,-0.03904,-0.09272,-0.11712,-0.04392,-0.02928
-0.01952,0.1098,-0.20008,-0.19032,-0.18056,0.08052,-0.01464,-0.04392,-0.09272,-0.11712,-0.0488,-0.03416
-0.01952,0.1098,-0.20008,-0.19032,-0.18056,0.08052,-0.01464,-0.04392,-0.10248,-0.12688,-0.0488,-0.0244
-0.01952,0.10736,-0.1952,-0.18544,-0.17568,0.07808,-0.00976,-0.04392,-0.10736,-0.12688,-0.0488,-0.03416
-0.01952,0.11224,-0.20496,-0.1952,-0.18544,0.08296,-0.01952,-0.0488,-0.10736,-0.12688,-0.0488,-0.02928
-0.01952,0.11224,-0.20496,-0.1952,-0.18544,0.08296,-0.01952,-0.0488,-0.10736,-0.12688,-0.0488,-0.02928
-0.01952,0.11468,-0.20984,-0.20008,-0.19032,0.0854,-0.01952,-0.0488,-0.10736,-0.13664,-0.0488,-0.02928
-0.01952,0.11224,-0.20496,-0.1952,-0.18544,0.08296,-0.01464,-0.0488,-0.10736,-0.13664,-0.0488,-0.02928
-0.0244,0.11224,-0.20008,-0.18788,-0.17568,0.07564,-0.00976,-0.0488,-0.11224,-0.13176,-0.05368,-0.03416
-0.01952,0.10492,-0.19032,-0.18056,-0.1708,0.07564,-0.00976,-0.04392,-0.10248,-0.12688,-0.04392,-0.03416
-0.01952,0.0976,-0.17568,-0.16592,-0.15616,0.06832,-0.00976,-0.03416,-0.08296,-0.10736,-0.03904,-0.01952
-0.01952,0.09028,-0.16104,-0.15128,-0.14152,0.061,0.00488,-0.03416,-0.07808,-0.0976,-0.02928,-0.01464
-0.01952,0.08784,-0.15616,-0.1464,-0.13664,0.05856,0.00488,-0.0244,-0.08784,-0.10736,-0.02928,-0.01464
-0.01464,0.08296,-0.15128,-0.14396,-0.13664,0.061,0.00488,-0.0244,-0.08296,-0.10736,-0.02928,-0.00976
-0.01464,0.0854,-0.15616,-0.14884,-0.14152,0.06344,0.01952,-0.02928,-0.08296,-0.10736,-0.02928,-0.00976
-0.01464,0.08052,-0.1464,-0.13908,-0.13176,0.05856,0.0244,-0.01464,-0.0732,-0.10248,-0.0244,-0.00488
-0.00976,0.06588,-0.122,-0.11712,-0.11224,0.05124,0.0244,-0.00488,-0.05856,-0.08296,0,0
0.00976,0.0366,-0.08296,-0.08784,-0.09272,0.05124,-0.00488,-0.00976,-0.04392,-0.06344,0.01952,0.01952
0.01464,0.01952,-0.05368,-0.061,-0.06832,0.04148,-0.01952,-0.02928,-0.04392,-0.05856,0.01952,0.04392
0.01464,0.0244,-0.06344,-0.07076,-0.07808,0.04636,-0.0488,-0.06344,-0.05856,-0.06832,0.0244,0.04392
0,0.03904,-0.07808,-0.07808,-0.07808,0.03904,-0.06344,-0.08296,-0.07808,-0.06832,0.00976,0.0244
-0.00488,0.04148,-0.07808,-0.07564,-0.0732,0.03416,-0.06344,-0.0976,-0.09272,-0.0732,0.00976,0.0244
0,0.03416,-0.06832,-0.06832,-0.06832,0.03416,-0.05856,-0.08784,-0.08784,-0.0732,0.01952,0.03416
0.00488,0.03172,-0.06832,-0.07076,-0.0732,0.03904,-0.0488,-0.0732,-0.08784,-0.06832,0.0244,0.03904
0,0.0488,-0.0976,-0.0976,-0.0976,0.0488,-0.03904,-0.0732,-0.09272,-0.07808,0.00488,0.0244
-0.01464,0.07564,-0.13664,-0.12932,-0.122,0.05368,-0.03416,-0.06832,-0.10736,-0.09272,-0.01464,0.00488
-0.03416,0.1098,-0.18544,-0.16836,-0.15128,0.05856,-0.0244,-0.06344,-0.12688,-0.11712,-0.03416,-0.0244
-0.03904,0.12688,-0.21472,-0.1952,-0.17568,0.06832,-0.0244,-0.06344,-0.13176,-0.13176,-0.05368,-0.03904
-0.03904,0.12688,-0.21472,-0.1952,-0.17568,0.06832,-0.0244,-0.06344,-0.1464,-0.13664,-0.05368,-0.04392
-0.04392,0.1342,-0.22448,-0.20252,-0.18056,0.06832,-0.0244,-0.06832,-0.15128,-0.1464,-0.05856,-0.0488
-0.03416,0.13176,-0.22936,-0.21228,-0.1952,0.08052,-0.0244,-0.07808,-0.1708,-0.15616,-0.06832,-0.06832
-0.03416,0.1342,-0.23424,-0.21716,-0.20008,0.08296,-0.0244,-0.07808,-0.17568,-0.16104,-0.0732,-0.06832
-0.03416,0.13664,-0.23912,-0.22204,-0.20496,0.0854,-0.03416,-0.06832,-0.16104,-0.15128,-0.06832,-0.06832
-0.03416,0.13664,-0.23912,-0.22204,-0.20496,0.0854,-0.03416,-0.06832,-0.16592,-0.1464,-0.06832,-0.06832
-0.03904,0.1464,-0.25376,-0.23424,-0.21472,0.08784,-0.0244,-0.06832,-0.16104,-0.15616,-0.06832,-0.0732
-0.03904,0.1464,-0.25376,-0.23424,-0.21472,0.08784,-0.0244,-0.06344,-0.16104,-0.16104,-0.0732,-0.0732
-0.03904,0.1464,-0.25376,-0.23424,-0.21472,0.08784,-0.0244,-0.06344,-0.16592,-0.16104,-0.0732,-0.0732
-0.03416,0.1464,-0.25864,-0.24156,-0.22448,0.09516,-0.0244,-0.06344,-0.16592,-0.16104,-0.0732,-0.0732
-0.04392,0.14884,-0.25376,-0.2318,-0.20984,0.08296,-0.0244,-0.06344,-0.16592,-0.16592,-0.0732,-0.07808
-0.04392,0.14884,-0.25376,-0.2318,-0.20984,0.08296,-0.0244,-0.06344,-0.16592,-0.1708,-0.0732,-0.07808
-0.04392,0.14884,-0.25376,-0.2318,-0.20984,0.08296,-0.02928,-0.06344,-0.16592,-0.1708,-0.07808,-0.07808
-0.04392,0.1464,-0.24888,-0.22692,-0.20496,0.08052,-0.02928,-0.06344,-0.1708,-0.1708,-0.07808,-0.07808
-0.04392,0.15372,-0.26352,-0.24156,-0.2196,0.08784,-0.01952,-0.06344,-0.1708,-0.17568,-0.07808,-0.07808
-0.04392,0.15372,-0.26352,-0.24156,-0.2196,0.08784,-0.01952,-0.06344,-0.1708,-0.17568,-0.07808,-0.08296
-0.04392,0.15372,-0.26352,-0.24156,-0.2196,0.08784,-0.01464,-0.0732,-0.1708,-0.18056,-0.07808,-0.08296
-0.04392,0.15372,-0.26352,-0.24156,-0.2196,0.08784,-0.01464,-0.06832,-0.1708,-0.18056,-0.07808,-0.08296
-0.03416,0.14396,-0.25376,-0.23668,-0.2196,0.09272,-0.0244,-0.06832,-0.18544,-0.18056,-0.07808,-0.08296
-0.03416,0.1464,-0.25864,-0.24156,-0.22448,0.09516,-0.00976,-0.0488,-0.17568,-0.1708,-0.09272,-0.08784
-0.0732,0.20008,-0.32696,-0.29036,-0.25376,0.09028,0.04392,0.00488,-0.19032,-0.20984,-0.12688,-0.14152
-0.10248,0.2562,-0.40992,-0.35868,-0.30744,0.10248,0.20496,0.16592,-0.22936,-0.32208,-0.23424,-0.23424
-0.10736,0.24888,-0.3904,-0.33672,-0.28304,0.08784,0.244,0.20008,-0.16592,-0.32208,-0.22936,-0.22936
-0.07808,0.17812,-0.27816,-0.23912,-0.20008,0.061,0.20984,0.20496,-0.05368,-0.20984,-0.12688,-0.13176
0.03416,-0.02196,0.00976,-0.00732,-0.0244,0.02928,0.01952,0.122,0.20008,0.0732,0.11224,0.09272
0.2684,-0.31964,0.37088,0.23668,0.10248,0.08296,-0.36112,-0.00976,0.51728,0.47336,0.45872,0.39528
0.4636,-0.60268,0.74176,0.50996,0.27816,0.09272,-0.92232,-0.68808,0.60512,0.89304,0.83936,0.74664
0.61488,-0.79788,0.98088,0.67344,0.366,0.12444,-1.22488,-0.9272,0.8296,1.28832,1.15168,1.01992
0.69784,-0.9272,1.15656,0.80764,0.45872,0.11956,-1.4152,-1.07848,1.098,1.66896,1.42008,1.23464
0.69784,-0.89548,1.09312,0.7442,0.39528,0.15128,-1.34688,-1.05408,1.25904,1.77144,1.4396,1.22488
0.54656,-0.63928,0.732,0.45872,0.18544,0.18056,-1.05896,-1.01504,0.75152,1.25904,1.0492,0.89792
0.17568,-0.1708,0.16592,0.07808,-0.00976,0.09272,-0.67832,-1.0004,-0.40016,0.244,0.37088,0.34648
-0.03416,0.0732,-0.11224,-0.09516,-0.07808,0.02196,-0.38552,-0.8052,-0.55632,-0.15616,0.0244,0.05856
-0.10736,0.13664,-0.16592,-0.11224,-0.05856,-0.0244,-0.23912,-0.6832,-0.47824,-0.20496,-0.04392,-0.0244
-0.03416,0.08296,-0.13176,-0.11468,-0.0976,0.03172,-0.22448,-0.44408,-0.36112,-0.16104,-0.0244,-0.00976
-0.04392,0.09516,-0.1464,-0.12444,-0.10248,0.02928,-0.13664,-0.22936,-0.23912,-0.12688,-0.02928,-0.02928
-0.03416,0.10004,-0.16592,-0.14884,-0.13176,0.0488,-0.03904,-0.11224,-0.15128,-0.10736,-0.02928,-0.02928
-0.03416,0.10004,-0.16592,-0.14884,-0.13176,0.0488,-0.00488,-0.0976,-0.13664,-0.10736,-0.03416,-0.03904
-0.01952,0.10492,-0.19032,-0.18056,-0.1708,0.07564,0.00488,-0.05856,-0.122,-0.11712,-0.03904,-0.05368
-0.01952,0.11224,-0.20496,-0.1952,-0.18544,0.08296,0.03904,-0.00488,-0.13176,-0.13176,-0.05856,-0.0732
-0.0244,0.11956,-0.21472,-0.20252,-0.19032,0.08296,0.05856,0.00488,-0.122,-0.15128,-0.06832,-0.07808
-0.02928,0.11956,-0.20984,-0.1952,-0.18056,0.07564,0.05856,-0.00488,-0.122,-0.15128,-0.06832,-0.07808
-0.03416,0.12688,-0.2196,-0.20252,-0.18544,0.07564,0.0488,-0.00488,-0.11712,-0.14152,-0.05368,-0.07808
-0.03416,0.12688,-0.2196,-0.20252,-0.18544,0.07564,0.04392,0.01464,-0.11224,-0.13664,-0.05856,-0.07808
-0.0244,0.11956,-0.21472,-0.20252,-0.19032,0.08296,0.04392,0.03416,-0.11224,-0.13664,-0.06832,-0.08296
-0.0244,0.11956,-0.21472,-0.20252,-0.19032,0.08296,0.04392,0.03416,-0.10736,-0.13176,-0.06344,-0.07808
-0.02928,0.122,-0.21472,-0.20008,-0.18544,0.07808,0.04392,0.0244,-0.10248,-0.11712,-0.06344,-0.07808
-0.0244,0.11956,-0.21472,-0.20252,-0.19032,0.08296,0.0488,0.02928,-0.10248,-0.11712,-0.06344,-0.07808
-0.0244,0.11712,-0.20984,-0.19764,-0.18544,0.08052,0.05368,0.0488,-0.10736,-0.122,-0.0488,-0.08296
-0.0244,0.11468,-0.20496,-0.19276,-0.18056,0.07808,0.05368,0.0488,-0.0976,-0.122,-0.0488,-0.08296
-0.0244,0.11468,-0.20496,-0.19276,-0.18056,0.07808,0.05368,0.05368,-0.09272,-0.122,-0.04392,-0.0732
-0.01952,0.1098,-0.20008,-0.19032,-0.18056,0.08052,0.05856,0.05856,-0.08296,-0.122,-0.04392,-0.0732
-0.01952,0.1098,-0.20008,-0.19032,-0.18056,0.08052,0.06344,0.05856,-0.0732,-0.11224,-0.05368,-0.06832
-0.01952,0.1098,-0.20008,-0.19032,-0.18056,0.08052,0.06344,0.06344,-0.06832,-0.11712,-0.0488,-0.06832
-0.01952,0.10004,-0.18056,-0.1708,-0.16104,0.07076,0.06344,0.06832,-0.0732,-0.11712,-0.0488,-0.06832
-0.01952,0.10004,-0.18056,-0.1708,-0.16104,0.07076,0.06344,0.06832,-0.06832,-0.11224,-0.04392,-0.06832
-0.01464,0.09516,-0.17568,-0.16836,-0.16104,0.0732,0.06344,0.08296,-0.05856,-0.10248,-0.04392,-0.0732
-0.01464,0.09516,-0.17568,-0.16836,-0.16104,0.0732,0.06832,0.08296,-0.05368,-0.10248,-0.03904,-0.06832
-0.01464,0.09028,-0.16592,-0.1586,-0.15128,0.06832,0.06832,0.0976,-0.0488,-0.08296,-0.0244,-0.05368
-0.01464,0.0854,-0.15616,-0.14884,-0.14152,0.06344,0.06832,0.10248,-0.03904,-0.0732,-0.0244,-0.05368
-0.00976,0.08052,-0.15128,-0.1464,-0.14152,0.06588,0.07808,0.11224,-0.02928,-0.08296,-0.01952,-0.04392
-0.00976,0.07808,-0.1464,-0.14152,-0.13664,0.06344,0.08784,0.122,-0.0244,-0.0732,-0.01464,-0.04392
-0.00976,0.08296,-0.15616,-0.15128,-0.1464,0.06832,0.08784,0.13176,-0.01464,-0.06832,-0.01952,-0.03904
-0.00488,0.07564,-0.1464,-0.14396,-0.14152,0.06832,0.09272,0.14152,-0.00488,-0.05856,-0.00976,-0.03416
-0.01464,0.08052,-0.1464,-0.13908,-0.13176,0.05856,0.0976,0.16104,0.01464,-0.04392,-0.00488,-0.0244
-0.00976,0.0732,-0.13664,-0.13176,-0.12688,0.05856,0.10736,0.1708,0.0244,-0.03416,-0.00488,-0.0244
0,0.06344,-0.12688,-0.12688,-0.12688,0.06344,0.122,0.19032,0.01952,-0.03416,0,-0.0244
0.00976,0.05368,-0.11712,-0.122,-0.12688,0.06832,0.122,0.20008,0.03904,-0.0244,0,-0.00976
0,0.05612,-0.11224,-0.11224,-0.11224,0.05612,0.122,0.20984,0.0488,-0.01464,0.01464,-0.00976
0.00488,0.0488,-0.10248,-0.10492,-0.10736,0.05612,0.12688,0.22936,0.06832,-0.00488,0.01952,-0.00488
0.01464,0.0366,-0.08784,-0.09516,-0.10248,0.05856,0.12688,0.25864,0.08296,0.00488,0.01952,0.00488
0.01952,0.03172,-0.08296,-0.09272,-0.10248,0.061,0.14152,0.28304,0.10248,0.01464,0.03416,0.00976
0.0244,0.01952,-0.06344,-0.07564,-0.08784,0.05612,0.1464,0.2928,0.13176,0.03416,0.03904,0.01952
0.03416,0.00732,-0.0488,-0.06588,-0.08296,0.05856,0.15616,0.3172,0.1464,0.05368,0.0488,0.03904
0.03416,0.00488,-0.04392,-0.061,-0.07808,0.05612,0.15128,0.35624,0.16592,0.05856,0.05856,0.03416
0.03904,-0.00488,-0.02928,-0.0488,-0.06832,0.05368,0.16104,0.37576,0.19032,0.06832,0.0732,0.04392
0.0488,-0.01464,-0.01952,-0.04392,-0.06832,0.05856,0.16592,0.39528,0.2196,0.0976,0.09272,0.04392
0.05856,-0.0244,-0.00976,-0.03904,-0.06832,0.06344,0.16592,0.41968,0.23912,0.11224,0.10736,0.05368
0.06832,-0.0366,0.00488,-0.02928,-0.06344,0.06588,0.1708,0.42944,0.25376,0.13176,0.10736,0.06344
0.06832,-0.04636,0.0244,-0.00976,-0.04392,0.05612,0.1708,0.44896,0.27328,0.1464,0.11712,0.06832
0.07808,-0.05124,0.0244,-0.01464,-0.05368,0.06588,0.17568,0.4636,0.2928,0.1464,0.13664,0.08784
0.07808,-0.05856,0.03904,0,-0.03904,0.05856,0.17568,0.47336,0.29768,0.1464,0.1464,0.0976
0.09272,-0.06832,0.04392,-0.00244,-0.0488,0.07076,0.18056,0.48312,0.31232,0.16104,0.1464,0.11224
0.09272,-0.0732,0.05368,0.00732,-0.03904,0.06588,0.18056,0.49288,0.3172,0.16592,0.15128,0.11712
0.08784,-0.07564,0.06344,0.01952,-0.0244,0.05612,0.1708,0.49288,0.33672,0.1708,0.16592,0.11224
0.08784,-0.07808,0.06832,0.0244,-0.01952,0.05368,0.1708,0.49776,0.34648,0.17568,0.1708,0.11224
0.09272,-0.0854,0.07808,0.03172,-0.01464,0.05368,0.16592,0.488,0.33672,0.18056,0.17568,0.122
0.09272,-0.09028,0.08784,0.04148,-0.00488,0.0488,0.16592,0.488,0.3416,0.18544,0.18056,0.12688
0.09272,-0.08784,0.08296,0.0366,-0.00976,0.05124,0.15616,0.47336,0.3416,0.19032,0.18056,0.12688
0.0976,-0.09272,0.08784,0.03904,-0.00976,0.05368,0.1464,0.4636,0.33184,0.19032,0.18544,0.13176
0.0976,-0.0976,0.0976,0.0488,0,0.0488,0.13664,0.42456,0.32208,0.18056,0.18544,0.13176
0.09272,-0.09516,0.0976,0.05124,0.00488,0.04392,0.12688,0.3904,0.2928,0.17568,0.17568,0.11712
0.09272,-0.08296,0.0732,0.02684,-0.01952,0.05612,0.122,0.35136,0.25376,0.15616,0.15128,0.11712
0.08296,-0.0732,0.06344,0.02196,-0.01952,0.05124,0.0976,0.3172,0.22936,0.13664,0.13664,0.09272
0.06344,-0.05124,0.03904,0.00732,-0.0244,0.04392,0.09272,0.27328,0.18056,0.10736,0.122,0.07808
0.04392,-0.03172,0.01952,-0.00244,-0.0244,0.03416,0.07808,0.22448,0.1464,0.07808,0.10248,0.06344
0.04392,-0.02196,0,-0.02196,-0.04392,0.04392,0.06832,0.1952,0.10736,0.04392,0.0732,0.03904
0.03416,-0.00732,-0.01952,-0.0366,-0.05368,0.04392,0.05368,0.15616,0.0732,0.01464,0.0488,0.01952
0.0244,0.00732,-0.03904,-0.05124,-0.06344,0.04392,0.04392,0.11712,0.03904,-0.00488,0.03904,0.00488
0.01464,0.01952,-0.05368,-0.061,-0.06832,0.04148,0.03904,0.08784,0.00976,-0.0244,0.0244,-0.00488
0.00976,0.03416,-0.07808,-0.08296,-0.08784,0.0488,0.03416,0.06832,-0.01952,-0.04392,0.01464,-0.00976
-0.00488,0.04636,-0.08784,-0.0854,-0.08296,0.03904,0.0244,0.0488,-0.03416,-0.06344,-0.00488,-0.01952
-0.00488,0.0488,-0.09272,-0.09028,-0.08784,0.04148,0.0244,0.03904,-0.0488,-0.06832,-0.01952,-0.02928
-0.00488,0.05368,-0.10248,-0.10004,-0.0976,0.04636,0.01952,0.0244,-0.06832,-0.0732,-0.02928,-0.03904
-0.01464,0.06344,-0.11224,-0.10492,-0.0976,0.04148,0.00488,0.01952,-0.07808,-0.09272,-0.02928,-0.03904
-0.01952,0.07076,-0.122,-0.11224,-0.10248,0.04148,0,0.00976,-0.08784,-0.10248,-0.04392,-0.05368
-0.01952,0.0732,-0.12688,-0.11712,-0.10736,0.04392,0,-0.00488,-0.10248,-0.10248,-0.0488,-0.06344
-0.0244,0.07564,-0.12688,-0.11468,-0.10248,0.03904,-0.00488,-0.00488,-0.10736,-0.10248,-0.0488,-0.06344
-0.0244,0.07808,-0.13176,-0.11956,-0.10736,0.04148,0.00488,-0.00488,-0.11224,-0.11224,-0.06344,-0.06344
-0.0244,0.07808,-0.13176,-0.11956,-0.10736,0.04148,0.00488,-0.00488,-0.10736,-0.11712,-0.06832,-0.06832
-0.02928,0.08296,-0.13664,-0.122,-0.10736,0.03904,-0.00488,-0.00488,-0.11224,-0.11712,-0.05856,-0.06832
-0.02928,0.08296,-0.13664,-0.122,-0.10736,0.03904,-0.00488,-0.00488,-0.11224,-0.11712,-0.05856,-0.06832
-0.02928,0.08784,-0.1464,-0.13176,-0.11712,0.04392,0.00488,-0.00488,-0.11712,-0.11712,-0.05368,-0.06832
-0.02928,0.08784,-0.1464,-0.13176,-0.11712,0.04392,0.00488,-0.00488,-0.11712,-0.11712,-0.05368,-0.06832
-0.02928,0.08296,-0.13664,-0.122,-0.10736,0.03904,-0.00488,-0.00488,-0.11712,-0.11712,-0.0488,-0.06832
-0.02928,0.08052,-0.13176,-0.11712,-0.10248,0.0366,-0.00488,-0.00488,-0.11224,-0.11712,-0.05368,-0.06832
-0.02928,0.07564,-0.122,-0.10736,-0.09272,0.03172,-0.00488,-0.00488,-0.11224,-0.10736,-0.04392,-0.06344
-0.02928,0.07564,-0.122,-0.10736,-0.09272,0.03172,-0.00488,-0.00488,-0.11224,-0.10736,-0.04392,-0.05856
-0.02928,0.07808,-0.12688,-0.11224,-0.0976,0.03416,-0.00976,-0.01464,-0.11224,-0.11712,-0.0488,-0.06832
-0.02928,0.07808,-0.12688,-0.11224,-0.0976,0.03416,-0.00976,-0.01464,-0.10736,-0.11224,-0.04392,-0.06832
-0.01952,0.07076,-0.122,-0.11224,-0.10248,0.04148,-0.01952,-0.00488,-0.10736,-0.11224,-0.04392,-0.06344
-0.01464,0.06832,-0.122,-0.11468,-0.10736,0.04636,-0.01952,-0.00976,-0.10736,-0.11224,-0.04392,-0.06344
-0.0244,0.06832,-0.11224,-0.10004,-0.08784,0.03172,-0.01952,-0.01952,-0.10736,-0.0976,-0.04392,-0.06344
-0.0244,0.06588,-0.10736,-0.09516,-0.08296,0.02928,-0.0244,-0.01952,-0.10736,-0.0976,-0.04392,-0.06344
-0.0244,0.07076,-0.11712,-0.10492,-0.09272,0.03416,-0.0244,-0.00976,-0.11224,-0.0976,-0.03904,-0.06344
-0.01952,0.06832,-0.11712,-0.10736,-0.0976,0.03904,-0.0244,-0.01464,-0.11224,-0.0976,-0.03904,-0.05856
-0.0244,0.06832,-0.11224,-0.10004,-0.08784,0.03172,-0.01464,-0.01464,-0.11712,-0.0976,-0.03904,-0.05856
-0.01952,0.06588,-0.11224,-0.10248,-0.09272,0.0366,-0.01464,-0.01952,-0.11712,-0.0976,-0.03904,-0.05368
-0.01952,0.06588,-0.11224,-0.10248,-0.09272,0.0366,-0.01952,-0.02928,-0.11712,-0.0976,-0.04392,-0.05368
-0.0244,0.06832,-0.11224,-0.10004,-0.08784,0.03172,-0.01952,-0.02928,-0.11712,-0.10248,-0.03904,-0.05856
-0.0244,0.07076,-0.11712,-0.10492,-0.09272,0.03416,-0.01952,-0.0244,-0.122,-0.11224,-0.03904,-0.0488
-0.0244,0.07076,-0.11712,-0.10492,-0.09272,0.03416,-0.01952,-0.02928,-0.122,-0.11224,-0.03904,-0.0488
-0.0244,0.07076,-0.11712,-0.10492,-0.09272,0.03416,-0.01952,-0.03904,-0.12688,-0.10248,-0.04392,-0.05856
-0.0244,0.07076,-0.11712,-0.10492,-0.09272,0.03416,-0.01952,-0.03904,-0.12688,-0.10248,-0.04392,-0.06832
-0.0244,0.0732,-0.122,-0.1098,-0.0976,0.0366,-0.01464,-0.03904,-0.13176,-0.11224,-0.0488,-0.06832
-0.0244,0.0732,-0.122,-0.1098,-0.0976,0.0366,-0.00976,-0.04392,-0.13176,-0.11712,-0.0488,-0.06832
-0.0244,0.07076,-0.11712,-0.10492,-0.09272,0.03416,-0.01952,-0.0488,-0.13664,-0.122,-0.0488,-0.06832
-0.0244,0.07076,-0.11712,-0.10492,-0.09272,0.03416,-0.0244,-0.0488,-0.14152,-0.12688,-0.05368,-0.0732
-0.0244,0.07808,-0.13176,-0.11956,-0.10736,0.04148,-0.01464,-0.0488,-0.14152,-0.122,-0.05368,-0.0732
-0.02928,0.08052,-0.13176,-0.11712,-0.10248,0.0366,-0.01464,-0.0488,-0.1464,-0.122,-0.05368,-0.0732
-0.01952,0.07808,-0.13664,-0.12688,-0.11712,0.0488,-0.0244,-0.05368,-0.1464,-0.122,-0.06344,-0.0732
-0.01952,0.07808,-0.13664,-0.12688,-0.11712,0.0488,-0.0244,-0.05856,-0.1464,-0.12688,-0.06344,-0.07808
-0.02928,0.08296,-0.13664,-0.122,-0.10736,0.03904,-0.01464,-0.0488,-0.15128,-0.13664,-0.05368,-0.07808
-0.02928,0.0854,-0.14152,-0.12688,-0.11224,0.04148,-0.01464,-0.05368,-0.15128,-0.13664,-0.05856,-0.08296
-0.02928,0.0854,-0.14152,-0.12688,-0.11224,0.04148,-0.0244,-0.05368,-0.16104,-0.13664,-0.05856,-0.0732
-0.02928,0.08784,-0.1464,-0.13176,-0.11712,0.04392,-0.02928,-0.05368,-0.15616,-0.13664,-0.05856,-0.0732
-0.02928,0.08296,-0.13664,-0.122,-0.10736,0.03904,-0.0244,-0.05368,-0.1464,-0.12688,-0.05368,-0.0732
-0.02928,0.08784,-0.1464,-0.13176,-0.11712,0.04392,-0.01952,-0.05856,-0.15616,-0.12688,-0.06832,-0.07808
-0.02928,0.08784,-0.1464,-0.13176,-0.11712,0.04392,-0.01952,-0.05856,-0.15616,-0.12688,-0.06832,-0.07808
-0.03904,0.09028,-0.14152,-0.122,-0.10248,0.03172,-0.02928,-0.05856,-0.15616,-0.13664,-0.06832,-0.07808
-0.03904,0.08784,-0.13664,-0.11712,-0.0976,0.02928,-0.0244,-0.05856,-0.15616,-0.13664,-0.06832,-0.07808
-0.03416,0.08296,-0.13176,-0.11468,-0.0976,0.03172,-0.01952,-0.05856,-0.14152,-0.122,-0.05368,-0.0732
-0.02928,0.07564,-0.122,-0.10736,-0.09272,0.03172,-0.01952,-0.05368,-0.13176,-0.11712,-0.04392,-0.0732
-0.02928,0.06832,-0.10736,-0.09272,-0.07808,0.0244,-0.01952,-0.04392,-0.13176,-0.11224,-0.0488,-0.06832
-0.02928,0.061,-0.09272,-0.07808,-0.06344,0.01708,-0.00488,-0.04392,-0.12688,-0.11224,-0.03904,-0.06344
-0.03904,0.06344,-0.08784,-0.06832,-0.0488,0.00488,0.00488,-0.04392,-0.12688,-0.11712,-0.03904,-0.06344
-0.03416,0.05856,-0.08296,-0.06588,-0.0488,0.00732,0.00488,-0.04392,-0.122,-0.11712,-0.03904,-0.05856
-0.0244,0.05368,-0.08296,-0.07076,-0.05856,0.01708,0.01952,-0.03904,-0.11712,-0.10736,-0.02928,-0.05856
-0.0244,0.04392,-0.06344,-0.05124,-0.03904,0.00732,0.0244,-0.0244,-0.0976,-0.10248,-0.0244,-0.05368
-0.01952,0.01952,-0.01952,-0.00976,0,-0.00976,0.01952,-0.03416,-0.08784,-0.0732,0,-0.03416
0,-0.01464,0.02928,0.02928,0.02928,-0.01464,-0.01952,-0.03904,-0.0732,-0.05368,0.01952,-0.00488
-0.00488,-0.01952,0.04392,0.04636,0.0488,-0.02684,-0.02928,-0.05856,-0.07808,-0.04392,0.01464,0.00976
-0.00488,-0.00488,0.01464,0.01708,0.01952,-0.0122,-0.05856,-0.09272,-0.10248,-0.06344,0.00976,0
-0.00976,0.00732,-0.00488,0,0.00488,-0.00732,-0.06344,-0.10248,-0.11712,-0.07808,0,-0.01464
-0.01464,0.00488,0.00488,0.0122,0.01952,-0.01708,-0.06344,-0.11712,-0.13176,-0.08296,0,-0.01464
-0.00488,0.00244,0,0.00244,0.00488,-0.00488,-0.05856,-0.10736,-0.12688,-0.09272,-0.00976,-0.0244
-0.00976,0.00488,0,0.00488,0.00976,-0.00976,-0.0488,-0.09272,-0.12688,-0.08784,-0.00488,-0.01952
-0.00976,0.01708,-0.0244,-0.01952,-0.01464,0.00244,-0.03904,-0.08296,-0.13176,-0.10736,-0.0244,-0.04392
-0.0244,0.0488,-0.0732,-0.061,-0.0488,0.0122,-0.03416,-0.07808,-0.1464,-0.122,-0.04392,-0.06344
-0.04392,0.08052,-0.11712,-0.09516,-0.0732,0.01464,-0.0244,-0.08296,-0.17568,-0.13664,-0.0732,-0.08296
-0.0488,0.0976,-0.1464,-0.122,-0.0976,0.0244,-0.0244,-0.08296,-0.18056,-0.15128,-0.09272,-0.0976
-0.0488,0.10248,-0.15616,-0.13176,-0.10736,0.02928,-0.0244,-0.0732,-0.1952,-0.15616,-0.09272,-0.10248
-0.05368,0.1098,-0.16592,-0.13908,-0.11224,0.02928,-0.0244,-0.07808,-0.20008,-0.16592,-0.0976,-0.10736
-0.04392,0.10736,-0.1708,-0.14884,-0.12688,0.04148,-0.0244,-0.08784,-0.20984,-0.17568,-0.0976,-0.10736
-0.04392,0.1098,-0.17568,-0.15372,-0.13176,0.04392,-0.0244,-0.08784,-0.21472,-0.18056,-0.10248,-0.10736
-0.05368,0.11712,-0.18056,-0.15372,-0.12688,0.0366,-0.0244,-0.08784,-0.20008,-0.18056,-0.0976,-0.10736
-0.05368,0.11712,-0.18056,-0.15372,-0.12688,0.0366,-0.0244,-0.08784,-0.20496,-0.17568,-0.0976,-0.10736
-0.05856,0.122,-0.18544,-0.15616,-0.12688,0.03416,-0.0244,-0.07808,-0.20984,-0.17568,-0.0976,-0.122
-0.05856,0.122,-0.18544,-0.15616,-0.12688,0.03416,-0.0244,-0.0732,-0.20984,-0.18056,-0.10248,-0.122
-0.05856,0.122,-0.18544,-0.15616,-0.12688,0.03416,-0.01464,-0.08296,-0.20496,-0.18056,-0.09272,-0.122
-0.05368,0.122,-0.19032,-0.16348,-0.13664,0.04148,-0.01464,-0.08296,-0.20496,-0.18056,-0.09272,-0.122
-0.04392,0.11956,-0.1952,-0.17324,-0.15128,0.05368,-0.01464,-0.08296,-0.20496,-0.17568,-0.10248,-0.11712
-0.04392,0.11956,-0.1952,-0.17324,-0.15128,0.05368,-0.01464,-0.08296,-0.20496,-0.18056,-0.10248,-0.11712
-0.04392,0.11468,-0.18544,-0.16348,-0.14152,0.0488,-0.01952,-0.0732,-0.20496,-0.19032,-0.0976,-0.11712
-0.04392,0.11224,-0.18056,-0.1586,-0.13664,0.04636,-0.01952,-0.0732,-0.20984,-0.19032,-0.0976,-0.11712
-0.04392,0.11468,-0.18544,-0.16348,-0.14152,0.0488,-0.01952,-0.0732,-0.20984,-0.1952,-0.10736,-0.12688
-0.04392,0.11468,-0.18544,-0.16348,-0.14152,0.0488,-0.01952,-0.0732,-0.20984,-0.1952,-0.10736,-0.13176
-0.05368,0.12444,-0.1952,-0.16836,-0.14152,0.04392,-0.00488,-0.0732,-0.20008,-0.19032,-0.10736,-0.13176
-0.05368,0.12444,-0.1952,-0.16836,-0.14152,0.04392,-0.00488,-0.06832,-0.20008,-0.19032,-0.10736,-0.13176
-0.05368,0.12444,-0.1952,-0.16836,-0.14152,0.04392,0.00488,-0.05856,-0.20496,-0.19032,-0.10736,-0.122
-0.05368,0.13176,-0.20984,-0.183,-0.15616,0.05124,0.01952,-0.03904,-0.20496,-0.20008,-0.11224,-0.13664
-0.0732,0.18056,-0.28792,-0.25132,-0.21472,0.07076,0.122,0.05368,-0.24888,-0.27816,-0.18544,-0.20008
-0.10248,0.2318,-0.36112,-0.30988,-0.25864,0.07808,0.26352,0.20496,-0.22936,-0.35136,-0.27328,-0.26352
-0.0976,0.20984,-0.32208,-0.27328,-0.22448,0.06344,0.25376,0.20984,-0.15616,-0.31232,-0.23912,-0.23912
-0.0488,0.08052,-0.11224,-0.08784,-0.06344,0.00732,0.18056,0.16592,0.00488,-0.15128,-0.08784,-0.11224
0.11224,-0.16348,0.21472,0.1586,0.10248,0.00488,-0.07808,0.06344,0.32696,0.19032,0.20984,0.15128
0.33672,-0.47092,0.60512,0.43676,0.2684,0.03416,-0.56608,-0.25376,0.5856,0.6588,0.59536,0.50264
0.47336,-0.69052,0.90768,0.671,0.43432,0.01952,-1.0492,-0.86376,0.64416,1.05896,0.94672,0.83448
0.60512,-0.87108,1.13704,0.83448,0.53192,0.0366,-1.30296,-1.00528,0.8784,1.48352,1.27856,1.10776
0.66856,-0.96624,1.26392,0.92964,0.59536,0.0366,-1.43472,-1.13704,1.1956,1.86416,1.51768,1.2932
0.63928,-0.86132,1.08336,0.76372,0.44408,0.0976,-1.2688,-1.05408,1.20048,1.81048,1.40056,1.17608
0.40016,-0.49776,0.59536,0.39528,0.1952,0.10248,-0.91256,-0.976,0.42944,1.06384,0.86376,0.732
0.05856,-0.0732,0.08784,0.05856,0.02928,0.01464,-0.52216,-0.88328,-0.69296,0,0.17568,0.18056
-0.08296,0.0732,-0.06344,-0.02196,0.01952,-0.05124,-0.29768,-0.74664,-0.5856,-0.20496,-0.04392,-0.02928
-0.08784,0.08784,-0.08784,-0.04392,0,-0.04392,-0.20984,-0.57584,-0.51728,-0.21472,-0.08296,-0.06344
-0.04392,0.05856,-0.0732,-0.05124,-0.02928,-0.00732,-0.1952,-0.366,-0.36112,-0.1708,-0.06344,-0.0488
-0.04392,0.06588,-0.08784,-0.06588,-0.04392,0,-0.07808,-0.1708,-0.22936,-0.1464,-0.06832,-0.06832
-0.04392,0.07076,-0.0976,-0.07564,-0.05368,0.00488,-0.00976,-0.10248,-0.1708,-0.13664,-0.05856,-0.07808
-0.03416,0.07076,-0.10736,-0.09028,-0.0732,0.01952,0.00488,-0.08784,-0.16592,-0.13664,-0.06344,-0.08784
-0.01952,0.08052,-0.14152,-0.13176,-0.122,0.05124,0.0244,-0.0488,-0.15128,-0.13664,-0.06832,-0.10248
-0.03904,0.0976,-0.15616,-0.13664,-0.11712,0.03904,0.0488,-0.00488,-0.14152,-0.14152,-0.07808,-0.09272
-0.03416,0.09516,-0.15616,-0.13908,-0.122,0.04392,0.05856,-0.00488,-0.14152,-0.16104,-0.0976,-0.10736
-0.03904,0.09516,-0.15128,-0.13176,-0.11224,0.0366,0.05856,-0.01464,-0.14152,-0.16104,-0.0976,-0.10736
-0.0244,0.08784,-0.15128,-0.13908,-0.12688,0.05124,0.0488,-0.01464,-0.13664,-0.15128,-0.09272,-0.10736
-0.0244,0.08784,-0.15128,-0.13908,-0.12688,0.05124,0.04392,0.00488,-0.13176,-0.1464,-0.0976,-0.10736
-0.0244,0.09028,-0.15616,-0.14396,-0.13176,0.05368,0.05368,0.01464,-0.13176,-0.1464,-0.08784,-0.11224
-0.0244,0.09028,-0.15616,-0.14396,-0.13176,0.05368,0.05368,0.01464,-0.12688,-0.14152,-0.08296,-0.10736
-0.02928,0.09272,-0.15616,-0.14152,-0.12688,0.0488,0.06344,0.0244,-0.122,-0.13664,-0.08296,-0.10736
-0.0244,0.09028,-0.15616,-0.14396,-0.13176,0.05368,0.06832,0.02928,-0.122,-0.13664,-0.08296,-0.10736
-0.0244,0.08784,-0.15128,-0.13908,-0.12688,0.05124,0.0732,0.02928,-0.11712,-0.13176,-0.07808,-0.10248
-0.0244,0.0854,-0.1464,-0.1342,-0.122,0.0488,0.0732,0.02928,-0.10736,-0.13176,-0.07808,-0.10248
-0.0244,0.09028,-0.15616,-0.14396,-0.13176,0.05368,0.0732,0.04392,-0.09272,-0.13176,-0.0732,-0.10248
-0.01952,0.0854,-0.15128,-0.14152,-0.13176,0.05612,0.07808,0.0488,-0.08296,-0.13176,-0.0732,-0.10248
-0.01952,0.0854,-0.15128,-0.14152,-0.13176,0.05612,0.08296,0.05856,-0.08296,-0.122,-0.0732,-0.0976
-0.01952,0.0854,-0.15128,-0.14152,-0.13176,0.05612,0.08296,0.06344,-0.07808,-0.12688,-0.06832,-0.0976
-0.01952,0.07564,-0.13176,-0.122,-0.11224,0.04636,0.09272,0.06832,-0.0732,-0.12688,-0.06832,-0.08784
-0.01952,0.07564,-0.13176,-0.122,-0.11224,0.04636,0.09272,0.06832,-0.06832,-0.122,-0.06344,-0.08784
-0.01464,0.06588,-0.11712,-0.1098,-0.10248,0.04392,0.08296,0.0732,-0.05856,-0.11224,-0.06344,-0.09272
-0.01464,0.06588,-0.11712,-0.1098,-0.10248,0.04392,0.08784,0.0732,-0.05368,-0.11224,-0.05856,-0.08784
-0.01464,0.06588,-0.11712,-0.1098,-0.10248,0.04392,0.08784,0.07808,-0.0488,-0.11224,-0.06344,-0.08296
-0.01464,0.061,-0.10736,-0.10004,-0.09272,0.03904,0.08784,0.08296,-0.03904,-0.10248,-0.06344,-0.08296
-0.00976,0.061,-0.11224,-0.10736,-0.10248,0.04636,0.0976,0.09272,-0.02928,-0.09272,-0.0488,-0.0732
-0.00976,0.05856,-0.10736,-0.10248,-0.0976,0.04392,0.10736,0.10248,-0.0244,-0.08296,-0.04392,-0.0732
-0.00976,0.05368,-0.0976,-0.09272,-0.08784,0.03904,0.10736,0.122,-0.00488,-0.07808,-0.03904,-0.05856
-0.00488,0.04636,-0.08784,-0.0854,-0.08296,0.03904,0.11224,0.13176,0.00488,-0.06832,-0.02928,-0.05368
-0.00488,0.05124,-0.0976,-0.09516,-0.09272,0.04392,0.11712,0.15128,0.01464,-0.06344,-0.0244,-0.04392
0,0.04392,-0.08784,-0.08784,-0.08784,0.04392,0.12688,0.16104,0.0244,-0.05368,-0.0244,-0.04392
-0.00976,0.03904,-0.06832,-0.06344,-0.05856,0.0244,0.122,0.1708,0.02928,-0.04392,-0.00976,-0.04392
0,0.02928,-0.05856,-0.05856,-0.05856,0.02928,0.122,0.18056,0.0488,-0.03416,-0.00976,-0.02928
0,0.02684,-0.05368,-0.05368,-0.05368,0.02684,0.14152,0.20008,0.05856,-0.0244,-0.00488,-0.02928
0.00488,0.01952,-0.04392,-0.04636,-0.0488,0.02684,0.1464,0.2196,0.07808,-0.01464,0,-0.0244
0.01464,0.0122,-0.03904,-0.04636,-0.05368,0.03416,0.1464,0.23912,0.10248,-0.00488,0,-0.00488
0.01952,0.00732,-0.03416,-0.04392,-0.05368,0.0366,0.16104,0.26352,0.122,0.00488,0.01464,0
0.0244,-0.00488,-0.01464,-0.02684,-0.03904,0.03172,0.16592,0.28304,0.15128,0.0244,0.01952,0
0.03416,-0.01708,0,-0.01708,-0.03416,0.03416,0.17568,0.30744,0.16592,0.04392,0.02928,0.01952
0.03416,-0.01952,0.00488,-0.0122,-0.02928,0.03172,0.18056,0.32696,0.1952,0.05856,0.0488,0.0244
0.03904,-0.02928,0.01952,0,-0.01952,0.02928,0.19032,0.34648,0.2196,0.06832,0.06344,0.03416
0.03904,-0.03416,0.02928,0.00976,-0.00976,0.0244,0.1952,0.366,0.23912,0.08784,0.0732,0.03416
0.0488,-0.04392,0.03904,0.01464,-0.00976,0.02928,0.1952,0.3904,0.25864,0.10248,0.08784,0.04392
0.05856,-0.061,0.06344,0.03416,0.00488,0.02684,0.19032,0.40992,0.28304,0.11224,0.0976,0.05368
0.05856,-0.07076,0.08296,0.05368,0.0244,0.01708,0.19032,0.42944,0.30256,0.12688,0.10736,0.05856
0.07808,-0.08052,0.08296,0.04392,0.00488,0.0366,0.1952,0.43432,0.31232,0.12688,0.11712,0.06832
0.07808,-0.08296,0.08784,0.0488,0.00976,0.03416,0.1952,0.43432,0.3172,0.13664,0.12688,0.07808
0.0732,-0.08296,0.09272,0.05612,0.01952,0.02684,0.20008,0.44408,0.3416,0.15128,0.13664,0.08296
0.0732,-0.08784,0.10248,0.06588,0.02928,0.02196,0.20008,0.45384,0.34648,0.15616,0.14152,0.08784
0.07808,-0.09516,0.11224,0.0732,0.03416,0.02196,0.20008,0.45384,0.34648,0.16104,0.1464,0.09272
0.07808,-0.0976,0.11712,0.07808,0.03904,0.01952,0.20008,0.45872,0.35624,0.16592,0.15128,0.09272
0.08296,-0.10492,0.12688,0.0854,0.04392,0.01952,0.18544,0.44896,0.35624,0.1708,0.15616,0.10248
0.08296,-0.1098,0.13664,0.09516,0.05368,0.01464,0.18544,0.44896,0.36112,0.17568,0.16104,0.10736
0.08296,-0.10736,0.13176,0.09028,0.0488,0.01708,0.17568,0.43432,0.36112,0.18056,0.16104,0.10736
0.08784,-0.11224,0.13664,0.09272,0.0488,0.01952,0.16592,0.42456,0.35136,0.18056,0.16592,0.11224
0.08784,-0.11712,0.1464,0.10248,0.05856,0.01464,0.1464,0.38552,0.33184,0.16104,0.15616,0.10248
0.08296,-0.11468,0.1464,0.10492,0.06344,0.00976,0.13664,0.3416,0.2928,0.15616,0.1464,0.08784
0.0732,-0.0976,0.122,0.0854,0.0488,0.0122,0.14152,0.31232,0.25376,0.13664,0.122,0.08784
0.06344,-0.08784,0.11224,0.08052,0.0488,0.00732,0.11712,0.27816,0.22936,0.11712,0.10736,0.06344
0.05368,-0.07076,0.08784,0.061,0.03416,0.00976,0.122,0.23424,0.18056,0.08784,0.09272,0.0488
0.04392,-0.05612,0.06832,0.04636,0.0244,0.00976,0.10736,0.18544,0.1464,0.05856,0.0732,0.03416
0.0244,-0.03172,0.03904,0.02684,0.01464,0.00488,0.08784,0.15616,0.0976,0.0244,0.04392,0.01952
0.01464,-0.01708,0.01952,0.0122,0.00488,0.00488,0.0732,0.12688,0.06344,-0.00488,0.01952,0
0.00488,-0.00732,0.00976,0.00732,0.00488,0,0.0732,0.0976,0.03904,-0.01464,0.00976,-0.01464
-0.00488,0.00488,-0.00488,-0.00244,0,-0.00244,0.06832,0.06832,0.00976,-0.03416,-0.00488,-0.0244
0,0.00976,-0.01952,-0.01952,-0.01952,0.00976,0.05368,0.0488,-0.01952,-0.04392,-0.01464,-0.03904
-0.01464,0.02196,-0.02928,-0.02196,-0.01464,0,0.04392,0.02928,-0.03416,-0.06344,-0.03416,-0.0488
-0.01464,0.0244,-0.03416,-0.02684,-0.01952,0.00244,0.04392,0.01952,-0.0488,-0.08784,-0.03904,-0.06832
-0.01464,0.02928,-0.04392,-0.0366,-0.02928,0.00732,0.03904,0.01464,-0.06832,-0.09272,-0.0488,-0.07808
-0.01464,0.03416,-0.05368,-0.04636,-0.03904,0.0122,0.03416,0,-0.08784,-0.09272,-0.05856,-0.06832
-0.01952,0.04148,-0.06344,-0.05368,-0.04392,0.0122,0.02928,-0.00976,-0.0976,-0.10248,-0.0732,-0.08296
-0.02928,0.0488,-0.06832,-0.05368,-0.03904,0.00488,0.01952,-0.00488,-0.10248,-0.11224,-0.06832,-0.0732
-0.03416,0.05124,-0.06832,-0.05124,-0.03416,0,0.01464,-0.00488,-0.10736,-0.11224,-0.06832,-0.0732
-0.03416,0.05368,-0.0732,-0.05612,-0.03904,0.00244,0.01464,-0.01464,-0.11224,-0.122,-0.08296,-0.08296
-0.03416,0.05368,-0.0732,-0.05612,-0.03904,0.00244,0.01464,-0.01464,-0.10736,-0.12688,-0.08784,-0.0976
-0.03904,0.05856,-0.07808,-0.05856,-0.03904,0,0.0244,-0.01464,-0.11224,-0.12688,-0.08784,-0.0976
-0.03904,0.05856,-0.07808,-0.05856,-0.03904,0,0.0244,-0.01464,-0.11224,-0.12688,-0.08784,-0.0976
-0.02928,0.05368,-0.07808,-0.06344,-0.0488,0.00976,0.01464,-0.01464,-0.11712,-0.12688,-0.08296,-0.08784
-0.02928,0.05368,-0.07808,-0.06344,-0.0488,0.00976,0.01464,-0.01464,-0.11712,-0.12688,-0.08296,-0.08784
-0.02928,0.05368,-0.07808,-0.06344,-0.0488,0.00976,0.01464,-0.01464,-0.11712,-0.12688,-0.07808,-0.0976
-0.02928,0.05124,-0.0732,-0.05856,-0.04392,0.00732,0.01464,-0.01464,-0.11224,-0.12688,-0.08296,-0.0976
-0.02928,0.04636,-0.06344,-0.0488,-0.03416,0.00244,0.01464,-0.0244,-0.11224,-0.12688,-0.0732,-0.09272
-0.02928,0.04636,-0.06344,-0.0488,-0.03416,0.00244,0.01464,-0.0244,-0.11224,-0.12688,-0.0732,-0.08784
-0.02928,0.04392,-0.05856,-0.04392,-0.02928,0,0.00976,-0.0244,-0.11224,-0.12688,-0.07808,-0.08784
-0.02928,0.04392,-0.05856,-0.04392,-0.02928,0,0.00976,-0.0244,-0.10736,-0.122,-0.0732,-0.08784
-0.02928,0.04148,-0.05368,-0.03904,-0.0244,-0.00244,0.00976,-0.0244,-0.10736,-0.122,-0.0732,-0.08296
-0.0244,0.03904,-0.05368,-0.04148,-0.02928,0.00244,0.00976,-0.02928,-0.10736,-0.122,-0.0732,-0.08296
-0.0244,0.03904,-0.05368,-0.04148,-0.02928,0.00244,0.00976,-0.02928,-0.11712,-0.10736,-0.06344,-0.08296
-0.0244,0.0366,-0.0488,-0.0366,-0.0244,0,0.00488,-0.02928,-0.11712,-0.10736,-0.06344,-0.08296
-0.0244,0.0366,-0.0488,-0.0366,-0.0244,0,0.00488,-0.02928,-0.11224,-0.10736,-0.05856,-0.0732
-0.01952,0.03416,-0.0488,-0.03904,-0.02928,0.00488,0.00488,-0.03416,-0.11224,-0.10736,-0.05856,-0.06832
-0.0244,0.03904,-0.05368,-0.04148,-0.02928,0.00244,0.00488,-0.03416,-0.11712,-0.10736,-0.05856,-0.06832
-0.01952,0.0366,-0.05368,-0.04392,-0.03416,0.00732,0.00488,-0.03904,-0.11712,-0.10736,-0.05856,-0.06344
-0.01952,0.0366,-0.05368,-0.04392,-0.03416,0.00732,0,-0.03904,-0.11712,-0.10736,-0.06344,-0.06344
-0.0244,0.03904,-0.05368,-0.04148,-0.02928,0.00244,0,-0.03904,-0.11712,-0.11224,-0.05856,-0.06832
-0.0244,0.0366,-0.0488,-0.0366,-0.0244,0,0,-0.04392,-0.122,-0.10248,-0.05856,-0.07808
-0.0244,0.0366,-0.0488,-0.0366,-0.0244,0,0,-0.0488,-0.122,-0.10248,-0.05856,-0.07808
-0.0244,0.04148,-0.05856,-0.04636,-0.03416,0.00488,0,-0.0488,-0.12688,-0.11224,-0.0732,-0.08784
-0.0244,0.04148,-0.05856,-0.04636,-0.03416,0.00488,0,-0.0488,-0.12688,-0.122,-0.0732,-0.08784
-0.0244,0.04392,-0.06344,-0.05124,-0.03904,0.00732,0.00488,-0.0488,-0.13176,-0.122,-0.07808,-0.08784
-0.0244,0.04392,-0.06344,-0.05124,-0.03904,0.00732,0.00976,-0.05368,-0.13176,-0.12688,-0.07808,-0.08784
-0.0244,0.04636,-0.06832,-0.05612,-0.04392,0.00976,0,-0.05856,-0.13664,-0.122,-0.06832,-0.08784
-0.0244,0.04636,-0.06832,-0.05612,-0.04392,0.00976,-0.00488,-0.05856,-0.14152,-0.12688,-0.0732,-0.09272
-0.03416,0.0488,-0.06344,-0.04636,-0.02928,-0.00244,-0.00488,-0.05856,-0.14152,-0.13176,-0.08296,-0.09272
-0.03904,0.05124,-0.06344,-0.04392,-0.0244,-0.00732,-0.00488,-0.05856,-0.1464,-0.13176,-0.08296,-0.09272
-0.03904,0.05368,-0.06832,-0.0488,-0.02928,-0.00488,-0.00488,-0.06344,-0.1464,-0.122,-0.0732,-0.08296
-0.03904,0.05368,-0.06832,-0.0488,-0.02928,-0.00488,-0.00488,-0.06832,-0.1464,-0.12688,-0.0732,-0.08784
-0.03904,0.05368,-0.06832,-0.0488,-0.02928,-0.00488,-0.01464,-0.06832,-0.15128,-0.13664,-0.08296,-0.0976
-0.03904,0.05612,-0.0732,-0.05368,-0.03416,-0.00244,-0.01464,-0.0732,-0.15128,-0.13664,-0.0976,-0.10248
-0.03904,0.05612,-0.0732,-0.05368,-0.03416,-0.00244,-0.01464,-0.0732,-0.16104,-0.13664,-0.0976,-0.10248
-0.03904,0.05856,-0.07808,-0.05856,-0.03904,0,-0.00976,-0.05856,-0.15616,-0.1464,-0.08784,-0.10736
-0.03904,0.05856,-0.07808,-0.05856,-0.03904,0,-0.00976,-0.06832,-0.15616,-0.1464,-0.0976,-0.10736
-0.03904,0.05856,-0.07808,-0.05856,-0.03904,0,-0.00976,-0.06832,-0.15616,-0.1464,-0.0976,-0.10736
-0.03904,0.061,-0.08296,-0.06344,-0.04392,0.00244,-0.00488,-0.07808,-0.15616,-0.13664,-0.08784,-0.0976
-0.04392,0.061,-0.07808,-0.05612,-0.03416,-0.00488,-0.00488,-0.07808,-0.15616,-0.13176,-0.08784,-0.0976
-0.04392,0.05124,-0.05856,-0.0366,-0.01464,-0.01464,0,-0.0732,-0.15128,-0.13176,-0.08296,-0.09272
-0.03904,0.04148,-0.04392,-0.0244,-0.00488,-0.01708,0,-0.06832,-0.13664,-0.122,-0.06832,-0.08296
-0.03904,0.0366,-0.03416,-0.01464,0.00488,-0.02196,0.00488,-0.06344,-0.11712,-0.122,-0.07808,-0.0732
-0.03904,0.02928,-0.01952,0,0.01952,-0.02928,0.01464,-0.06344,-0.11712,-0.11712,-0.06832,-0.0732
-0.03904,0.03416,-0.02928,-0.00976,0.00976,-0.0244,0.01464,-0.05368,-0.122,-0.10736,-0.06832,-0.06832
-0.03416,0.02928,-0.0244,-0.00732,0.00976,-0.02196,0.0244,-0.05368,-0.122,-0.10736,-0.06832,-0.06832
-0.03416,0.02684,-0.01952,-0.00244,0.01464,-0.0244,0.03416,-0.03904,-0.11224,-0.0976,-0.05856,-0.06832
-0.03416,0.00976,0.01464,0.03172,0.0488,-0.04148,0.03416,-0.03416,-0.0976,-0.08296,-0.03904,-0.05856
-0.00976,-0.02684,0.06344,0.06832,0.0732,-0.04148,0.00976,-0.04392,-0.07808,-0.06344,-0.01952,-0.02928
0.00488,-0.05612,0.10736,0.10492,0.10248,-0.0488,-0.00976,-0.05368,-0.06344,-0.04392,0,-0.00976
-0.00488,-0.0488,0.10248,0.10492,0.10736,-0.05612,-0.03904,-0.08296,-0.0732,-0.0488,-0.00488,-0.01464
-0.01952,-0.0244,0.06832,0.07808,0.08784,-0.05368,-0.06344,-0.12688,-0.10736,-0.06832,-0.0244,-0.03416
-0.0244,-0.02196,0.06832,0.08052,0.09272,-0.05856,-0.06344,-0.13176,-0.11712,-0.08296,-0.02928,-0.03416
-0.0244,-0.02684,0.07808,0.09028,0.10248,-0.06344,-0.0488,-0.12688,-0.122,-0.08296,-0.02928,-0.03416
-0.01464,-0.03172,0.07808,0.0854,0.09272,-0.05368,-0.03904,-0.11712,-0.12688,-0.07808,-0.0244,-0.0244
-0.01952,-0.01952,0.05856,0.06832,0.07808,-0.0488,-0.03416,-0.10736,-0.12688,-0.07808,-0.0244,-0.01952
-0.02928,0.00488,0.01952,0.03416,0.0488,-0.03904,-0.0244,-0.0976,-0.1464,-0.10736,-0.0488,-0.0488
-0.03904,0.0366,-0.03416,-0.01464,0.00488,-0.02196,-0.01952,-0.09272,-0.16592,-0.122,-0.08296,-0.08296
-0.0488,0.05856,-0.06832,-0.04392,-0.01952,-0.01464,-0.01464,-0.10248,-0.18056,-0.14152,-0.09272,-0.0976
-0.0488,0.061,-0.0732,-0.0488,-0.0244,-0.0122,-0.01464,-0.10248,-0.18544,-0.15616,-0.10736,-0.10736
-0.0488,0.06588,-0.08296,-0.05856,-0.03416,-0.00732,-0.01464,-0.10736,-0.1952,-0.16104,-0.11224,-0.122
-0.05368,0.0732,-0.09272,-0.06588,-0.03904,-0.00732,-0.01464,-0.10736,-0.20496,-0.1708,-0.122,-0.13176
-0.05368,0.08052,-0.10736,-0.08052,-0.05368,0,-0.01464,-0.10736,-0.22448,-0.17568,-0.14152,-0.13664
-0.05368,0.08052,-0.10736,-0.08052,-0.05368,0,-0.01464,-0.10736,-0.2196,-0.18056,-0.13664,-0.13664
-0.05368,0.08296,-0.11224,-0.0854,-0.05856,0.00244,-0.01464,-0.10736,-0.21472,-0.18056,-0.13664,-0.13664
-0.05856,0.0854,-0.11224,-0.08296,-0.05368,-0.00244,-0.01464,-0.10736,-0.20496,-0.17568,-0.13664,-0.13664
-0.0488,0.08296,-0.11712,-0.09272,-0.06832,0.00976,-0.01464,-0.0976,-0.20984,-0.19032,-0.14152,-0.14152
-0.0488,0.08296,-0.11712,-0.09272,-0.06832,0.00976,-0.01464,-0.09272,-0.20984,-0.19032,-0.14152,-0.14152
-0.05368,0.08784,-0.122,-0.09516,-0.06832,0.00732,-0.01464,-0.10248,-0.21472,-0.18056,-0.13176,-0.14152
-0.06344,0.09272,-0.122,-0.09028,-0.05856,-0.00244,-0.01464,-0.10248,-0.21472,-0.1708,-0.13176,-0.14152
-0.06344,0.09516,-0.12688,-0.09516,-0.06344,0,-0.00488,-0.09272,-0.20496,-0.17568,-0.13176,-0.13664
-0.06344,0.09516,-0.12688,-0.09516,-0.06344,0,-0.00488,-0.09272,-0.20496,-0.18056,-0.13176,-0.13664
-0.05368,0.09028,-0.12688,-0.10004,-0.0732,0.00976,-0.00976,-0.09272,-0.2196,-0.18056,-0.13664,-0.1464
-0.05368,0.08784,-0.122,-0.09516,-0.06832,0.00732,-0.00976,-0.09272,-0.2196,-0.18056,-0.13664,-0.1464
-0.05368,0.0854,-0.11712,-0.09028,-0.06344,0.00488,-0.00976,-0.09272,-0.2196,-0.18544,-0.13664,-0.1464
-0.05368,0.0854,-0.11712,-0.09028,-0.06344,0.00488,-0.00976,-0.09272,-0.2196,-0.18056,-0.13664,-0.15128
-0.05368,0.0854,-0.11712,-0.09028,-0.06344,0.00488,0.00488,-0.08784,-0.20984,-0.18056,-0.13664,-0.14152
-0.05368,0.0854,-0.11712,-0.09028,-0.06344,0.00488,0.00488,-0.08784,-0.20496,-0.18056,-0.13664,-0.14152
-0.05368,0.09028,-0.12688,-0.10004,-0.0732,0.00976,0.00976,-0.0732,-0.20496,-0.18056,-0.13664,-0.14152
-0.06344,0.11468,-0.16592,-0.1342,-0.10248,0.01952,0.05368,-0.02928,-0.22448,-0.2196,-0.17568,-0.18056
-0.08296,0.17324,-0.26352,-0.22204,-0.18056,0.0488,0.19032,0.11224,-0.25864,-0.33184,-0.28792,-0.28304
-0.11712,0.20496,-0.2928,-0.23424,-0.17568,0.02928,0.26352,0.18056,-0.20984,-0.34648,-0.31232,-0.2928
-0.07808,0.13176,-0.18544,-0.1464,-0.10736,0.01464,0.24888,0.18056,-0.10248,-0.25864,-0.2196,-0.22448
-0.00488,-0.04636,0.0976,0.10004,0.10248,-0.05368,0.05856,0.0732,0.13664,-0.00976,0.01464,-0.01464
0.20008,-0.33672,0.47336,0.37332,0.27328,-0.0366,-0.31232,-0.0732,0.49288,0.4148,0.36112,0.2928
0.37088,-0.60756,0.84424,0.6588,0.47336,-0.05124,-0.82472,-0.68808,0.59048,0.84912,0.74176,0.63928
0.49776,-0.78568,1.0736,0.82472,0.57584,-0.03904,-1.1468,-0.98576,0.72712,1.26392,1.05896,0.9272
0.59536,-0.94428,1.2932,0.99552,0.69784,-0.05124,-1.37616,-1.12728,1.01504,1.74216,1.40544,1.1956
0.62464,-0.97844,1.33224,1.01992,0.7076,-0.04148,-1.39568,-1.13704,1.30296,2.00568,1.51768,1.27368
0.53192,-0.75396,0.976,0.71004,0.44408,0.04392,-1.1224,-1.03944,0.976,1.63968,1.1956,0.98576
0.1952,-0.29524,0.39528,0.29768,0.20008,-0.00244,-0.71248,-0.976,-0.24888,0.5368,0.488,0.43432
-0.0488,0.00488,0.03904,0.06344,0.08784,-0.06832,-0.38552,-0.80032,-0.7564,-0.15616,0.00488,0.02928
-0.11712,0.06588,-0.01464,0.04392,0.10248,-0.1098,-0.20984,-0.64416,-0.58072,-0.22448,-0.11224,-0.08784
-0.0488,0.0122,0.0244,0.0488,0.0732,-0.061,-0.21472,-0.46848,-0.41968,-0.14152,-0.0732,-0.05368
-0.05368,0.02928,-0.00488,0.02196,0.0488,-0.05124,-0.13176,-0.27328,-0.27816,-0.13664,-0.09272,-0.07808
-0.05368,0.03904,-0.0244,0.00244,0.02928,-0.04148,-0.02928,-0.14152,-0.18544,-0.10736,-0.07808,-0.08784
-0.04392,0.04148,-0.03904,-0.01708,0.00488,-0.0244,-0.00488,-0.11224,-0.16592,-0.11712,-0.10248,-0.11224
-0.03416,0.04148,-0.0488,-0.03172,-0.01464,-0.00976,0.01464,-0.09272,-0.15128,-0.12688,-0.10248,-0.11224
-0.03904,0.0488,-0.05856,-0.03904,-0.01952,-0.00976,0.0488,-0.0488,-0.13664,-0.13664,-0.11224,-0.11712
-0.03904,0.061,-0.08296,-0.06344,-0.04392,0.00244,0.0732,-0.0244,-0.14152,-0.1464,-0.122,-0.122
-0.04392,0.06588,-0.08784,-0.06588,-0.04392,0,0.0732,-0.02928,-0.14152,-0.15128,-0.12688,-0.12688
-0.0488,0.061,-0.0732,-0.0488,-0.0244,-0.0122,0.05856,-0.03416,-0.13664,-0.15128,-0.13176,-0.13664
-0.04392,0.05856,-0.0732,-0.05124,-0.02928,-0.00732,0.05368,-0.0244,-0.13176,-0.15128,-0.13664,-0.13664
-0.03416,0.05612,-0.07808,-0.061,-0.04392,0.00488,0.04392,-0.01464,-0.13176,-0.1464,-0.12688,-0.13176
-0.03416,0.05612,-0.07808,-0.061,-0.04392,0.00488,0.04392,-0.01464,-0.12688,-0.14152,-0.12688,-0.13176
-0.02928,0.05368,-0.07808,-0.06344,-0.0488,0.00976,0.0488,-0.00488,-0.11224,-0.13664,-0.122,-0.11712
-0.02928,0.05368,-0.07808,-0.06344,-0.0488,0.00976,0.06344,0,-0.11224,-0.13664,-0.122,-0.11712
-0.03416,0.05612,-0.07808,-0.061,-0.04392,0.00488,0.0732,0.00976,-0.11712,-0.13176,-0.11224,-0.122
-0.03416,0.05368,-0.0732,-0.05612,-0.03904,0.00244,0.0732,0.00976,-0.11224,-0.13176,-0.10736,-0.122
-0.03416,0.04636,-0.05856,-0.04148,-0.0244,-0.00488,0.0732,0.01464,-0.0976,-0.122,-0.10248,-0.122
-0.03416,0.04636,-0.05856,-0.04148,-0.0244,-0.00488,0.07808,0.01464,-0.09272,-0.122,-0.10248,-0.122
-0.02928,0.04148,-0.05368,-0.03904,-0.0244,-0.00244,0.07808,0.00976,-0.0732,-0.11224,-0.11224,-0.13176
-0.02928,0.04148,-0.05368,-0.03904,-0.0244,-0.00244,0.08296,0.0244,-0.0732,-0.11712,-0.10736,-0.12688
-0.02928,0.03904,-0.0488,-0.03416,-0.01952,-0.00488,0.08296,0.0244,-0.07808,-0.11712,-0.10736,-0.11712
-0.02928,0.0366,-0.04392,-0.02928,-0.01464,-0.00732,0.08296,0.02928,-0.06832,-0.11712,-0.10248,-0.11712
-0.02928,0.04148,-0.05368,-0.03904,-0.0244,-0.00244,0.0732,0.03904,-0.06344,-0.11224,-0.10248,-0.11224
-0.0244,0.0366,-0.0488,-0.0366,-0.0244,0,0.0732,0.04392,-0.05368,-0.10248,-0.0976,-0.11224
-0.0244,0.04148,-0.05856,-0.04636,-0.03416,0.00488,0.07808,0.05368,-0.0488,-0.10248,-0.0976,-0.10248
-0.0244,0.0366,-0.0488,-0.0366,-0.0244,0,0.07808,0.06344,-0.0488,-0.09272,-0.09272,-0.10248
-0.0244,0.03172,-0.03904,-0.02684,-0.01464,-0.00488,0.08784,0.06344,-0.03416,-0.0732,-0.08784,-0.09272
-0.01952,0.02684,-0.03416,-0.0244,-0.01464,-0.00244,0.0976,0.07808,-0.0244,-0.06832,-0.08296,-0.08296
-0.01952,0.01952,-0.01952,-0.00976,0,-0.00976,0.0976,0.08784,-0.00976,-0.05856,-0.08296,-0.09272
-0.01952,0.01952,-0.01952,-0.00976,0,-0.00976,0.10248,0.09272,0,-0.05368,-0.07808,-0.08296
-0.01464,0.0122,-0.00976,-0.00244,0.00488,-0.00976,0.11712,0.11712,0.00976,-0.05368,-0.06832,-0.08296
-0.00976,0.00488,0,0.00488,0.00976,-0.00976,0.122,0.12688,0.01952,-0.05368,-0.06344,-0.0732
-0.01952,0.01464,-0.00976,0,0.00976,-0.01464,0.11712,0.13176,0.03904,-0.02928,-0.05856,-0.06344
-0.01952,0.00732,0.00488,0.01464,0.0244,-0.02196,0.122,0.1464,0.0488,-0.01952,-0.05856,-0.05368
-0.00976,0,0.00976,0.01464,0.01952,-0.01464,0.12688,0.16592,0.0732,-0.00976,-0.05368,-0.05368
-0.00976,-0.00488,0.01952,0.0244,0.02928,-0.01952,0.13176,0.18056,0.08784,0,-0.04392,-0.04392
-0.00488,-0.00976,0.0244,0.02684,0.02928,-0.01708,0.1464,0.20984,0.10736,0.01952,-0.03904,-0.03904
0,-0.01464,0.02928,0.02928,0.02928,-0.01464,0.15616,0.22936,0.13664,0.02928,-0.03416,-0.02928
0.00488,-0.02684,0.0488,0.04636,0.04392,-0.01952,0.15616,0.25376,0.15128,0.02928,-0.01952,-0.02928
0.01464,-0.03904,0.06344,0.05612,0.0488,-0.01708,0.15616,0.27328,0.16592,0.04392,-0.01464,-0.0244
0.01464,-0.04636,0.07808,0.07076,0.06344,-0.0244,0.18056,0.28792,0.1952,0.06832,-0.00488,-0.00976
0.01952,-0.05612,0.09272,0.08296,0.0732,-0.02684,0.18544,0.3172,0.2196,0.08784,0.00488,0
0.02928,-0.07076,0.11224,0.0976,0.08296,-0.02684,0.18056,0.33672,0.25864,0.10736,0.02928,0.00976
0.02928,-0.07564,0.122,0.10736,0.09272,-0.03172,0.18544,0.36112,0.28304,0.12688,0.03904,0.01952
0.04392,-0.08296,0.122,0.10004,0.07808,-0.01708,0.19032,0.38064,0.30744,0.14152,0.05368,0.02928
0.0488,-0.09516,0.14152,0.11712,0.09272,-0.02196,0.19032,0.40016,0.33184,0.16104,0.06344,0.03904
0.06344,-0.10492,0.1464,0.11468,0.08296,-0.00976,0.1952,0.40504,0.35136,0.16104,0.07808,0.04392
0.06832,-0.11468,0.16104,0.12688,0.09272,-0.0122,0.1952,0.4148,0.366,0.1708,0.0976,0.05368
0.06832,-0.122,0.17568,0.14152,0.10736,-0.01952,0.19032,0.42456,0.366,0.18056,0.10248,0.05856
0.0732,-0.12932,0.18544,0.14884,0.11224,-0.01952,0.19032,0.42456,0.37576,0.18544,0.10736,0.06832
0.0732,-0.1342,0.1952,0.1586,0.122,-0.0244,0.19032,0.43432,0.38552,0.18056,0.10736,0.06832
0.07808,-0.14152,0.20496,0.16592,0.12688,-0.0244,0.19032,0.4392,0.40016,0.18544,0.11224,0.0732
0.08296,-0.14396,0.20496,0.16348,0.122,-0.01952,0.18056,0.42944,0.40504,0.1952,0.11712,0.08296
0.08296,-0.14884,0.21472,0.17324,0.13176,-0.0244,0.17568,0.42944,0.40992,0.20008,0.122,0.08296
0.0732,-0.1464,0.2196,0.183,0.1464,-0.0366,0.16592,0.42456,0.40016,0.20984,0.13176,0.0976
0.0732,-0.14884,0.22448,0.18788,0.15128,-0.03904,0.16104,0.40504,0.40016,0.20984,0.13176,0.10248
0.06832,-0.14152,0.21472,0.18056,0.1464,-0.03904,0.15128,0.37088,0.37576,0.20008,0.12688,0.09272
0.06344,-0.13908,0.21472,0.183,0.15128,-0.04392,0.1464,0.3416,0.3416,0.19032,0.11712,0.08784
0.06344,-0.12932,0.1952,0.16348,0.13176,-0.03416,0.13176,0.2928,0.30256,0.17568,0.10736,0.06832
0.0488,-0.11712,0.18544,0.16104,0.13664,-0.04392,0.122,0.25376,0.2684,0.14152,0.08296,0.05856
0.03904,-0.10248,0.16592,0.1464,0.12688,-0.04392,0.10736,0.2196,0.22448,0.10736,0.05368,0.03904
0.02928,-0.08784,0.1464,0.13176,0.11712,-0.04392,0.09272,0.18056,0.18056,0.08296,0.03416,0.01952
0.01464,-0.07076,0.12688,0.11956,0.11224,-0.0488,0.08296,0.1464,0.12688,0.05368,0.01952,-0.00488
0.00976,-0.05856,0.10736,0.10248,0.0976,-0.04392,0.0732,0.10736,0.08784,0.02928,-0.00488,-0.01952
-0.00488,-0.04148,0.08784,0.09028,0.09272,-0.0488,0.05856,0.08784,0.03904,0.00488,-0.01952,-0.02928
-0.00976,-0.03172,0.0732,0.07808,0.08296,-0.04636,0.05368,0.05368,0.01464,-0.01464,-0.03904,-0.03904
-0.01952,-0.01708,0.05368,0.06344,0.0732,-0.04636,0.0488,0.03416,-0.00488,-0.0244,-0.05368,-0.05856
-0.0244,-0.00244,0.02928,0.04148,0.05368,-0.03904,0.03904,0.00976,-0.02928,-0.0488,-0.05856,-0.06832
-0.0244,-0.00244,0.02928,0.04148,0.05368,-0.03904,0.01952,0,-0.05368,-0.06344,-0.0732,-0.0732
-0.0244,0.00244,0.01952,0.03172,0.04392,-0.03416,0.00976,-0.01952,-0.08296,-0.06832,-0.08296,-0.08296
-0.02928,0.00976,0.00976,0.0244,0.03904,-0.03416,0.01464,-0.0244,-0.08296,-0.08296,-0.08296,-0.0976
-0.03416,0.01708,0,0.01708,0.03416,-0.03416,0.00976,-0.02928,-0.09272,-0.08784,-0.0976,-0.10736
-0.03904,0.02196,-0.00488,0.01464,0.03416,-0.0366,0.00976,-0.04392,-0.0976,-0.10736,-0.10736,-0.11224
-0.03904,0.0244,-0.00976,0.00976,0.02928,-0.03416,0.00976,-0.04392,-0.10736,-0.11224,-0.11224,-0.11224
-0.04392,0.03172,-0.01952,0.00244,0.0244,-0.03416,0.00488,-0.03416,-0.122,-0.122,-0.122,-0.122
-0.04392,0.03416,-0.0244,-0.00244,0.01952,-0.03172,0.00488,-0.04392,-0.11712,-0.12688,-0.122,-0.12688
-0.04392,0.0366,-0.02928,-0.00732,0.01464,-0.02928,0.01464,-0.04392,-0.122,-0.11712,-0.11712,-0.11712
-0.0488,0.03904,-0.02928,-0.00488,0.01952,-0.03416,0.01464,-0.04392,-0.122,-0.11712,-0.11712,-0.11712
-0.0488,0.03904,-0.02928,-0.00488,0.01952,-0.03416,0.00488,-0.05368,-0.13664,-0.12688,-0.11224,-0.11712
-0.0488,0.03904,-0.02928,-0.00488,0.01952,-0.03416,0.00488,-0.05368,-0.13664,-0.12688,-0.11224,-0.11712
-0.0488,0.03904,-0.02928,-0.00488,0.01952,-0.03416,0.00488,-0.04392,-0.12688,-0.12688,-0.11712,-0.12688
-0.0488,0.0366,-0.0244,0,0.0244,-0.0366,0.00488,-0.04392,-0.12688,-0.12688,-0.122,-0.12688
-0.0488,0.03172,-0.01464,0.00976,0.03416,-0.04148,-0.00488,-0.05368,-0.13176,-0.13664,-0.122,-0.122
-0.0488,0.03172,-0.01464,0.00976,0.03416,-0.04148,-0.00488,-0.05368,-0.13176,-0.13664,-0.122,-0.11712
-0.03904,0.0244,-0.00976,0.00976,0.02928,-0.03416,0,-0.05368,-0.13176,-0.13176,-0.11712,-0.10736
-0.03904,0.0244,-0.00976,0.00976,0.02928,-0.03416,0,-0.05368,-0.12688,-0.11712,-0.11224,-0.10736
-0.03904,0.02196,-0.00488,0.01464,0.03416,-0.0366,-0.00976,-0.05368,-0.12688,-0.10248,-0.10248,-0.10736
-0.03416,0.01952,-0.00488,0.0122,0.02928,-0.03172,-0.00976,-0.05856,-0.12688,-0.10248,-0.10248,-0.10248
-0.03416,0.01464,0.00488,0.02196,0.03904,-0.0366,-0.00976,-0.05856,-0.11712,-0.10248,-0.10248,-0.11224
-0.03416,0.01464,0.00488,0.02196,0.03904,-0.0366,-0.01464,-0.05856,-0.11712,-0.0976,-0.10248,-0.11224
-0.04392,0.01708,0.00976,0.03172,0.05368,-0.0488,-0.01464,-0.05856,-0.11712,-0.08784,-0.08784,-0.10248
-0.03904,0.01464,0.00976,0.02928,0.0488,-0.04392,-0.01464,-0.06344,-0.122,-0.08784,-0.08784,-0.10248
-0.04392,0.01952,0.00488,0.02684,0.0488,-0.04636,-0.01464,-0.06344,-0.122,-0.08784,-0.08784,-0.0976
-0.03904,0.01708,0.00488,0.0244,0.04392,-0.04148,-0.01464,-0.06832,-0.12688,-0.08784,-0.08784,-0.0976
-0.03904,0.02196,-0.00488,0.01464,0.03416,-0.0366,-0.00976,-0.05856,-0.11712,-0.08784,-0.09272,-0.09272
-0.03904,0.02196,-0.00488,0.01464,0.03416,-0.0366,-0.00976,-0.05856,-0.11712,-0.08784,-0.08784,-0.09272
-0.03416,0.02196,-0.00976,0.00732,0.0244,-0.02928,-0.01952,-0.06344,-0.13176,-0.08296,-0.0976,-0.0976
-0.03416,0.02196,-0.00976,0.00732,0.0244,-0.02928,-0.01952,-0.06344,-0.13176,-0.08296,-0.0976,-0.0976
-0.04392,0.02684,-0.00976,0.0122,0.03416,-0.03904,-0.00976,-0.06832,-0.12688,-0.08296,-0.0976,-0.10736
-0.04392,0.02684,-0.00976,0.0122,0.03416,-0.03904,-0.00976,-0.06832,-0.12688,-0.08296,-0.10248,-0.10736
-0.04392,0.02684,-0.00976,0.0122,0.03416,-0.03904,-0.00976,-0.06832,-0.13176,-0.09272,-0.09272,-0.0976
-0.04392,0.02928,-0.01464,0.00732,0.02928,-0.0366,-0.01464,-0.0732,-0.13176,-0.0976,-0.0976,-0.0976
-0.03416,0.0244,-0.01464,0.00244,0.01952,-0.02684,-0.01952,-0.06832,-0.13664,-0.10248,-0.10736,-0.0976
-0.03416,0.02684,-0.01952,-0.00244,0.01464,-0.0244,-0.01952,-0.06832,-0.13664,-0.10248,-0.10736,-0.0976
-0.03416,0.02684,-0.01952,-0.00244,0.01464,-0.0244,-0.0244,-0.07808,-0.14152,-0.0976,-0.10248,-0.10248
-0.03904,0.03172,-0.0244,-0.00488,0.01464,-0.02684,-0.0244,-0.07808,-0.14152,-0.09272,-0.10248,-0.10248
-0.03904,0.02928,-0.01952,0,0.01952,-0.02928,-0.0244,-0.07808,-0.1464,-0.09272,-0.10248,-0.10248
-0.03904,0.02928,-0.01952,0,0.01952,-0.02928,-0.0244,-0.08296,-0.1464,-0.0976,-0.10248,-0.10736
-0.0488,0.03904,-0.02928,-0.00488,0.01952,-0.03416,-0.0244,-0.08784,-0.15616,-0.11224,-0.10736,-0.11224
-0.0488,0.04148,-0.03416,-0.00976,0.01464,-0.03172,-0.0244,-0.09272,-0.16104,-0.11712,-0.122,-0.122
-0.0488,0.0366,-0.0244,0,0.0244,-0.0366,-0.0244,-0.09272,-0.15128,-0.11712,-0.11712,-0.122
-0.0488,0.0366,-0.0244,0,0.0244,-0.0366,-0.0244,-0.09272,-0.1464,-0.11712,-0.11712,-0.122
-0.0488,0.03904,-0.02928,-0.00488,0.01952,-0.03416,-0.03416,-0.09272,-0.15128,-0.10736,-0.11224,-0.11224
-0.05368,0.04148,-0.02928,-0.00244,0.0244,-0.03904,-0.02928,-0.09272,-0.15616,-0.10736,-0.11712,-0.11224
-0.04392,0.0366,-0.02928,-0.00732,0.01464,-0.02928,-0.02928,-0.08784,-0.15616,-0.10736,-0.10736,-0.11224
-0.03904,0.03416,-0.02928,-0.00976,0.00976,-0.0244,-0.02928,-0.0976,-0.15616,-0.11712,-0.10736,-0.10736
-0.0488,0.03904,-0.02928,-0.00488,0.01952,-0.03416,-0.02928,-0.0976,-0.15616,-0.11712,-0.10736,-0.10736
-0.0488,0.03904,-0.02928,-0.00488,0.01952,-0.03416,-0.02928,-0.0976,-0.15616,-0.11712,-0.10736,-0.10736
-0.03904,0.03172,-0.0244,-0.00488,0.01464,-0.02684,-0.0244,-0.0976,-0.16592,-0.11712,-0.11712,-0.11712
-0.04392,0.03172,-0.01952,0.00244,0.0244,-0.03416,-0.0244,-0.0976,-0.16592,-0.11224,-0.11712,-0.11712
-0.04392,0.02684,-0.00976,0.0122,0.03416,-0.03904,-0.01952,-0.09272,-0.15128,-0.11224,-0.122,-0.11224
-0.03904,0.01708,0.00488,0.0244,0.04392,-0.04148,-0.01952,-0.08784,-0.13664,-0.10248,-0.10736,-0.10248
-0.03904,0.01708,0.00488,0.0244,0.04392,-0.04148,-0.01464,-0.08296,-0.12688,-0.09272,-0.0976,-0.08296
-0.03904,0.00976,0.01952,0.03904,0.05856,-0.0488,-0.00488,-0.08296,-0.12688,-0.08784,-0.08784,-0.08296
-0.03904,0.00488,0.02928,0.0488,0.06832,-0.05368,-0.00488,-0.08296,-0.13176,-0.08784,-0.08784,-0.08784
-0.03416,0,0.03416,0.05124,0.06832,-0.05124,0.00488,-0.08296,-0.13176,-0.08784,-0.08784,-0.08784
-0.04392,0.00732,0.02928,0.05124,0.0732,-0.05856,0.01464,-0.06832,-0.122,-0.07808,-0.08784,-0.08784
-0.04392,-0.00488,0.05368,0.07564,0.0976,-0.07076,0.01464,-0.06344,-0.10736,-0.06344,-0.07808,-0.07808
-0.01952,-0.04148,0.10248,0.11224,0.122,-0.07076,-0.00976,-0.06344,-0.07808,-0.04392,-0.0488,-0.0488
-0.00488,-0.07076,0.1464,0.14884,0.15128,-0.07808,-0.02928,-0.0732,-0.06344,-0.0244,-0.02928,-0.02928
-0.01464,-0.06832,0.15128,0.1586,0.16592,-0.09028,-0.03904,-0.10248,-0.0732,-0.02928,-0.03416,-0.0244
-0.01952,-0.05368,0.12688,0.13664,0.1464,-0.08296,-0.06344,-0.13664,-0.0976,-0.03904,-0.04392,-0.03416
-0.0244,-0.04148,0.10736,0.11956,0.13176,-0.07808,-0.06344,-0.14152,-0.10736,-0.05368,-0.0488,-0.03416
-0.0244,-0.0366,0.0976,0.1098,0.122,-0.0732,-0.05856,-0.1464,-0.11224,-0.05368,-0.0488,-0.03416
-0.0244,-0.04636,0.11712,0.12932,0.14152,-0.08296,-0.0488,-0.13664,-0.11712,-0.03904,-0.04392,-0.04392
-0.02928,-0.03416,0.0976,0.11224,0.12688,-0.07808,-0.04392,-0.12688,-0.11712,-0.03904,-0.04392,-0.03904
-0.03904,-0.00976,0.05856,0.07808,0.0976,-0.06832,-0.03416,-0.12688,-0.13664,-0.06832,-0.06832,-0.05856
-0.0488,0.02196,0.00488,0.02928,0.05368,-0.05124,-0.02928,-0.122,-0.15616,-0.08296,-0.09272,-0.08296
-0.0488,0.03904,-0.02928,-0.00488,0.01952,-0.03416,-0.0244,-0.11224,-0.1708,-0.10248,-0.11224,-0.10736
-0.0488,0.04636,-0.04392,-0.01952,0.00488,-0.02684,-0.0244,-0.11224,-0.17568,-0.11712,-0.12688,-0.11712
-0.05856,0.061,-0.06344,-0.03416,-0.00488,-0.02684,-0.03416,-0.11712,-0.17568,-0.122,-0.13176,-0.122
-0.06344,0.06832,-0.0732,-0.04148,-0.00976,-0.02684,-0.03416,-0.11712,-0.18544,-0.13176,-0.14152,-0.13176
-0.05368,0.06588,-0.07808,-0.05124,-0.0244,-0.01464,-0.03416,-0.11712,-0.1952,-0.1464,-0.15128,-0.1464
-0.05368,0.06588,-0.07808,-0.05124,-0.0244,-0.01464,-0.03416,-0.11712,-0.19032,-0.15128,-0.1464,-0.1464
-0.04392,0.05856,-0.0732,-0.05124,-0.02928,-0.00732,-0.0244,-0.10736,-0.1952,-0.14152,-0.1464,-0.13664
-0.0488,0.061,-0.0732,-0.0488,-0.0244,-0.0122,-0.0244,-0.10736,-0.1952,-0.13664,-0.1464,-0.12688
-0.05856,0.0732,-0.08784,-0.05856,-0.02928,-0.01464,-0.0244,-0.11712,-0.19032,-0.15128,-0.15128,-0.14152
-0.05856,0.07808,-0.0976,-0.06832,-0.03904,-0.00976,-0.0244,-0.11224,-0.19032,-0.15128,-0.15128,-0.14152
-0.06344,0.08296,-0.10248,-0.07076,-0.03904,-0.0122,-0.03416,-0.11224,-0.20496,-0.15128,-0.15128,-0.14152
-0.06344,0.08296,-0.10248,-0.07076,-0.03904,-0.0122,-0.03416,-0.11224,-0.20496,-0.15128,-0.15128,-0.14152
-0.06344,0.0854,-0.10736,-0.07564,-0.04392,-0.00976,-0.0244,-0.11224,-0.20496,-0.15616,-0.15128,-0.15616
-0.06344,0.0854,-0.10736,-0.07564,-0.04392,-0.00976,-0.0244,-0.11224,-0.20496,-0.16104,-0.15128,-0.15616
-0.06344,0.09028,-0.11712,-0.0854,-0.05368,-0.00488,-0.01952,-0.11224,-0.20984,-0.16104,-0.16592,-0.15616
-0.06344,0.08784,-0.11224,-0.08052,-0.0488,-0.00732,-0.01952,-0.11224,-0.20984,-0.16104,-0.16592,-0.15616
-0.06344,0.09028,-0.11712,-0.0854,-0.05368,-0.00488,-0.01952,-0.11224,-0.20008,-0.16592,-0.15616,-0.1464
-0.06344,0.09028,-0.11712,-0.0854,-0.05368,-0.00488,-0.01952,-0.11224,-0.20008,-0.16104,-0.15616,-0.15128
-0.06344,0.09028,-0.11712,-0.0854,-0.05368,-0.00488,-0.0244,-0.10736,-0.20008,-0.16104,-0.15616,-0.15128
-0.06344,0.09028,-0.11712,-0.0854,-0.05368,-0.00488,-0.0244,-0.10736,-0.1952,-0.16104,-0.15616,-0.15128
-0.06344,0.09028,-0.11712,-0.0854,-0.05368,-0.00488,-0.01952,-0.10248,-0.1952,-0.16104,-0.15616,-0.15128
-0.0732,0.1098,-0.1464,-0.1098,-0.0732,0,0.0244,-0.06832,-0.21472,-0.20008,-0.1952,-0.1708
-0.10248,0.17812,-0.25376,-0.20252,-0.15128,0.0244,0.14152,0.05368,-0.25864,-0.28304,-0.28792,-0.26352
-0.12688,0.1952,-0.26352,-0.20008,-0.13664,0.00488,0.244,0.16104,-0.20984,-0.3172,-0.32208,-0.2928
-0.10736,0.15616,-0.20496,-0.15128,-0.0976,-0.00488,0.23912,0.1708,-0.11224,-0.25864,-0.2684,-0.244
-0.04392,-0.00244,0.0488,0.07076,0.09272,-0.06832,0.0976,0.08296,0.08784,-0.03904,-0.06344,-0.06344
0.15128,-0.28304,0.4148,0.33916,0.26352,-0.05612,-0.23424,-0.03416,0.47336,0.37576,0.26352,0.23424
0.33184,-0.55876,0.78568,0.61976,0.45384,-0.061,-0.73688,-0.55144,0.61976,0.81984,0.65392,0.58072
0.45872,-0.74664,1.03456,0.8052,0.57584,-0.05856,-1.11752,-0.96624,0.7076,1.20536,0.97112,0.86864
0.56608,-0.91988,1.27368,0.99064,0.7076,-0.07076,-1.3664,-1.10776,0.976,1.66408,1.30784,1.13704
0.61488,-0.99796,1.38104,1.0736,0.76616,-0.07564,-1.42496,-1.17608,1.31272,2.01544,1.4884,1.28344
0.55144,-0.80764,1.06384,0.78812,0.5124,0.01952,-1.20048,-1.0492,1.14192,1.79584,1.26392,1.05408
0.27328,-0.39772,0.52216,0.38552,0.24888,0.0122,-0.81984,-0.99552,0.09272,0.83936,0.62464,0.54168
0,-0.0488,0.0976,0.0976,0.0976,-0.0488,-0.4636,-0.86864,-0.78568,-0.06832,0.04392,0.08784
-0.11712,0.05124,0.01464,0.0732,0.13176,-0.12444,-0.24888,-0.69296,-0.5612,-0.16592,-0.10248,-0.05856
-0.05856,0.0122,0.03416,0.06344,0.09272,-0.07564,-0.23424,-0.49776,-0.41968,-0.10248,-0.08296,-0.04392
-0.04392,0.01464,0.01464,0.0366,0.05856,-0.05124,-0.1708,-0.32208,-0.27816,-0.08784,-0.09272,-0.05856
-0.04392,0.0244,-0.00488,0.01708,0.03904,-0.04148,-0.05856,-0.15128,-0.16592,-0.06832,-0.08784,-0.07808
-0.05368,0.04148,-0.02928,-0.00244,0.0244,-0.03904,-0.00488,-0.122,-0.1464,-0.07808,-0.10248,-0.08296
-0.04392,0.04636,-0.0488,-0.02684,-0.00488,-0.01952,0.01464,-0.10248,-0.13176,-0.07808,-0.10248,-0.09272
-0.02928,0.03904,-0.0488,-0.03416,-0.01952,-0.00488,0.02928,-0.05856,-0.12688,-0.08784,-0.11224,-0.10736
-0.03904,0.05124,-0.06344,-0.04392,-0.0244,-0.00732,0.03904,-0.03416,-0.122,-0.10736,-0.13176,-0.122
-0.04392,0.05612,-0.06832,-0.04636,-0.0244,-0.00976,0.0488,-0.03904,-0.122,-0.11224,-0.13664,-0.12688
-0.03904,0.05124,-0.06344,-0.04392,-0.0244,-0.00732,0.05856,-0.04392,-0.11712,-0.11224,-0.13176,-0.12688
-0.03416,0.0488,-0.06344,-0.04636,-0.02928,-0.00244,0.05368,-0.03416,-0.11224,-0.11224,-0.13664,-0.12688
-0.03416,0.05612,-0.07808,-0.061,-0.04392,0.00488,0.04392,-0.00488,-0.11224,-0.0976,-0.13664,-0.13176
-0.03416,0.05612,-0.07808,-0.061,-0.04392,0.00488,0.04392,-0.00488,-0.10736,-0.09272,-0.13664,-0.13176
-0.02928,0.05368,-0.07808,-0.06344,-0.0488,0.00976,0.05368,-0.00488,-0.09272,-0.0976,-0.122,-0.11712
-0.02928,0.05368,-0.07808,-0.06344,-0.0488,0.00976,0.05856,0,-0.09272,-0.0976,-0.122,-0.11712
-0.0244,0.04636,-0.06832,-0.05612,-0.04392,0.00976,0.06344,0.00976,-0.08784,-0.10248,-0.122,-0.11224
-0.0244,0.04392,-0.06344,-0.05124,-0.03904,0.00732,0.06344,0.00976,-0.08296,-0.10248,-0.11712,-0.11224
-0.0244,0.04148,-0.05856,-0.04636,-0.03416,0.00488,0.0732,0.01464,-0.08784,-0.10248,-0.122,-0.122
-0.0244,0.04148,-0.05856,-0.04636,-0.03416,0.00488,0.07808,0.01464,-0.08296,-0.10248,-0.122,-0.122
-0.01952,0.0366,-0.05368,-0.04392,-0.03416,0.00732,0.06832,0.00976,-0.06344,-0.10248,-0.11224,-0.13176
-0.01952,0.0366,-0.05368,-0.04392,-0.03416,0.00732,0.0732,0.0244,-0.06344,-0.10736,-0.10736,-0.12688
-0.02928,0.03904,-0.0488,-0.03416,-0.01952,-0.00488,0.0732,0.03416,-0.0488,-0.09272,-0.11712,-0.11712
-0.02928,0.0366,-0.04392,-0.02928,-0.01464,-0.00732,0.0732,0.03904,-0.03904,-0.08296,-0.11224,-0.11712
-0.02928,0.04148,-0.05368,-0.03904,-0.0244,-0.00244,0.0732,0.03904,-0.04392,-0.08296,-0.11224,-0.11224
-0.0244,0.0366,-0.0488,-0.0366,-0.0244,0,0.0732,0.04392,-0.03416,-0.0732,-0.10736,-0.11224
-0.0244,0.03172,-0.03904,-0.02684,-0.01464,-0.00488,0.07808,0.05368,-0.01952,-0.0732,-0.0976,-0.09272
-0.0244,0.02684,-0.02928,-0.01708,-0.00488,-0.00976,0.07808,0.06344,-0.01952,-0.06344,-0.09272,-0.09272
-0.01464,0.02684,-0.03904,-0.03172,-0.0244,0.00488,0.08784,0.06344,-0.00488,-0.05368,-0.08784,-0.08296
-0.00976,0.02196,-0.03416,-0.02928,-0.0244,0.00732,0.0976,0.07808,0.00488,-0.0488,-0.08296,-0.0732
-0.00976,0.01464,-0.01952,-0.01464,-0.00976,0,0.0976,0.08784,0.00976,-0.03904,-0.08296,-0.08296
-0.00976,0.01464,-0.01952,-0.01464,-0.00976,0,0.10248,0.09272,0.01952,-0.03416,-0.07808,-0.0732
-0.00488,0.0122,-0.01952,-0.01708,-0.01464,0.00488,0.10736,0.11712,0.03904,-0.0244,-0.07808,-0.0732
0,0.00488,-0.00976,-0.00976,-0.00976,0.00488,0.11224,0.12688,0.0488,-0.0244,-0.0732,-0.06344
0,0.00488,-0.00976,-0.00976,-0.00976,0.00488,0.11712,0.14152,0.05856,-0.00976,-0.05856,-0.06344
0,-0.00244,0.00488,0.00488,0.00488,-0.00244,0.122,0.15616,0.06832,0,-0.05856,-0.05368
0.00976,-0.01464,0.01952,0.01464,0.00976,0,0.12688,0.17568,0.08296,0.00976,-0.05368,-0.04392
0.00976,-0.01952,0.02928,0.0244,0.01952,-0.00488,0.13176,0.19032,0.0976,0.01952,-0.04392,-0.03416
0.01464,-0.01952,0.0244,0.01708,0.00976,0.00244,0.1464,0.20984,0.11712,0.03416,-0.02928,-0.01952
0.01952,-0.0244,0.02928,0.01952,0.00976,0.00488,0.15616,0.22936,0.1464,0.05368,-0.0244,-0.00976
0.0244,-0.03172,0.03904,0.02684,0.01464,0.00488,0.15616,0.25376,0.1708,0.06832,-0.01952,-0.01952
0.03416,-0.04392,0.05368,0.0366,0.01952,0.00732,0.15616,0.27328,0.18544,0.08296,-0.01464,-0.01464
0.03416,-0.04636,0.05856,0.04148,0.0244,0.00488,0.1708,0.28792,0.21472,0.11224,0,0
0.03904,-0.05612,0.0732,0.05368,0.03416,0.00244,0.17568,0.3172,0.23912,0.122,0.01952,0.00976
0.0488,-0.07076,0.09272,0.06832,0.04392,0.00244,0.19032,0.34648,0.27816,0.12688,0.02928,0.00976
0.0488,-0.07564,0.10248,0.07808,0.05368,-0.00244,0.1952,0.37088,0.30256,0.1464,0.03904,0.01952
0.05368,-0.07808,0.10248,0.07564,0.0488,0.00244,0.20008,0.38064,0.32696,0.16104,0.05368,0.03904
0.05856,-0.09028,0.122,0.09272,0.06344,-0.00244,0.20008,0.40016,0.35136,0.18056,0.06344,0.0488
0.0732,-0.10492,0.13664,0.10004,0.06344,0.00488,0.1952,0.40504,0.36112,0.18056,0.0732,0.04392
0.07808,-0.11468,0.15128,0.11224,0.0732,0.00244,0.1952,0.4148,0.37576,0.19032,0.08296,0.05368
0.07808,-0.122,0.16592,0.12688,0.08784,-0.00488,0.20008,0.42944,0.39528,0.20496,0.09272,0.06832
0.08296,-0.12932,0.17568,0.1342,0.09272,-0.00488,0.20008,0.4392,0.40504,0.2196,0.0976,0.07808
0.08296,-0.12932,0.17568,0.1342,0.09272,-0.00488,0.20008,0.44408,0.4148,0.2196,0.10736,0.07808
0.08784,-0.13664,0.18544,0.14152,0.0976,-0.00488,0.20008,0.44896,0.42944,0.22448,0.11224,0.08296
0.09272,-0.13908,0.18544,0.13908,0.09272,0,0.19032,0.4392,0.43432,0.23424,0.11712,0.10248
0.09272,-0.14396,0.1952,0.14884,0.10248,-0.00488,0.18544,0.4392,0.4392,0.23912,0.122,0.10248
0.08296,-0.1464,0.20984,0.16836,0.12688,-0.02196,0.17568,0.42944,0.42944,0.25864,0.13176,0.0976
0.08296,-0.14884,0.21472,0.17324,0.13176,-0.0244,0.1708,0.41968,0.42944,0.25864,0.13176,0.10248
0.08784,-0.1464,0.20496,0.16104,0.11712,-0.01464,0.16104,0.3904,0.40992,0.24888,0.13664,0.10248
0.08296,-0.14396,0.20496,0.16348,0.122,-0.01952,0.15616,0.36112,0.38552,0.23912,0.12688,0.0976
0.08296,-0.13908,0.1952,0.15372,0.11224,-0.01464,0.14152,0.32208,0.35136,0.2196,0.11712,0.07808
0.06832,-0.12688,0.18544,0.15128,0.11712,-0.0244,0.13176,0.28304,0.3172,0.1952,0.09272,0.06832
0.05856,-0.11224,0.16592,0.13664,0.10736,-0.0244,0.10736,0.244,0.27328,0.16592,0.0732,0.0488
0.0488,-0.0976,0.1464,0.122,0.0976,-0.0244,0.09272,0.1952,0.22936,0.14152,0.05368,0.02928
0.03416,-0.07564,0.11712,0.10004,0.08296,-0.0244,0.08296,0.16592,0.17568,0.10248,0.02928,0.0244
0.02928,-0.06344,0.0976,0.08296,0.06832,-0.01952,0.0732,0.12688,0.13664,0.07808,0.00488,0.00976
0.0244,-0.05124,0.07808,0.06588,0.05368,-0.01464,0.06832,0.10736,0.09272,0.04392,-0.00976,-0.01952
0.01952,-0.04148,0.06344,0.05368,0.04392,-0.0122,0.06344,0.0732,0.05856,0.0244,-0.02928,-0.02928
0.00976,-0.03172,0.05368,0.0488,0.04392,-0.01708,0.03904,0.04392,0.01464,0.01464,-0.04392,-0.0488
0.00488,-0.01708,0.02928,0.02684,0.0244,-0.00976,0.02928,0.01952,-0.00976,-0.00976,-0.0488,-0.05856
-0.00488,-0.00732,0.01952,0.02196,0.0244,-0.01464,0.01952,0.00976,-0.01464,-0.03416,-0.06344,-0.06344
-0.00488,-0.00244,0.00976,0.0122,0.01464,-0.00976,0.00976,-0.00976,-0.04392,-0.03904,-0.0732,-0.0732
-0.00976,0.00976,-0.00976,-0.00488,0,-0.00488,0.01464,-0.00976,-0.05368,-0.04392,-0.08296,-0.08784
-0.01464,0.01708,-0.01952,-0.0122,-0.00488,-0.00488,0.00976,-0.0244,-0.06344,-0.0488,-0.0976,-0.0976
-0.01952,0.02196,-0.0244,-0.01464,-0.00488,-0.00732,0.00976,-0.03416,-0.06832,-0.05856,-0.10248,-0.09272
-0.01952,0.0244,-0.02928,-0.01952,-0.00976,-0.00488,0.00976,-0.03416,-0.07808,-0.06344,-0.0976,-0.09272
-0.0244,0.02684,-0.02928,-0.01708,-0.00488,-0.00976,0.00488,-0.03416,-0.09272,-0.0732,-0.10248,-0.10248
-0.0244,0.02928,-0.03416,-0.02196,-0.00976,-0.00732,0.00488,-0.04392,-0.08784,-0.07808,-0.10248,-0.10736
-0.0244,0.0366,-0.0488,-0.0366,-0.0244,0,0.00488,-0.03416,-0.09272,-0.07808,-0.11712,-0.10736
-0.02928,0.03904,-0.0488,-0.03416,-0.01952,-0.00488,0.00488,-0.03416,-0.09272,-0.07808,-0.11712,-0.10736
-0.02928,0.04392,-0.05856,-0.04392,-0.02928,0,0.01464,-0.03416,-0.0976,-0.06832,-0.10248,-0.0976
-0.02928,0.04392,-0.05856,-0.04392,-0.02928,0,0.01464,-0.03416,-0.0976,-0.06832,-0.10248,-0.0976
-0.02928,0.04392,-0.05856,-0.04392,-0.02928,0,0.01464,-0.04392,-0.0976,-0.06832,-0.0976,-0.0976
-0.02928,0.04148,-0.05368,-0.03904,-0.0244,-0.00244,0.01464,-0.04392,-0.0976,-0.06832,-0.10248,-0.0976
-0.02928,0.04148,-0.05368,-0.03904,-0.0244,-0.00244,0.00488,-0.04392,-0.10248,-0.07808,-0.10248,-0.10248
-0.02928,0.04148,-0.05368,-0.03904,-0.0244,-0.00244,0.00488,-0.04392,-0.10248,-0.07808,-0.10248,-0.0976
-0.02928,0.03904,-0.0488,-0.03416,-0.01952,-0.00488,0.00976,-0.04392,-0.10248,-0.08784,-0.10736,-0.0976
-0.02928,0.03904,-0.0488,-0.03416,-0.01952,-0.00488,0.00976,-0.04392,-0.0976,-0.08296,-0.10248,-0.0976
-0.03904,0.0366,-0.03416,-0.01464,0.00488,-0.02196,0,-0.04392,-0.0976,-0.0732,-0.09272,-0.0976
-0.03416,0.03416,-0.03416,-0.01708,0,-0.01708,0,-0.0488,-0.0976,-0.0732,-0.09272,-0.09272
-0.0244,0.02928,-0.03416,-0.02196,-0.00976,-0.00732,0,-0.05856,-0.08784,-0.0732,-0.09272,-0.09272
-0.0244,0.02928,-0.03416,-0.02196,-0.00976,-0.00732,-0.00488,-0.05856,-0.08784,-0.06832,-0.09272,-0.09272
-0.0244,0.03172,-0.03904,-0.02684,-0.01464,-0.00488,0.00488,-0.05856,-0.0976,-0.06832,-0.08784,-0.08296
-0.01952,0.02928,-0.03904,-0.02928,-0.01952,0,0.00488,-0.06344,-0.10248,-0.06832,-0.08784,-0.08296
-0.0244,0.03416,-0.04392,-0.03172,-0.01952,-0.00244,-0.00488,-0.05368,-0.10248,-0.05856,-0.08784,-0.08784
-0.01952,0.03172,-0.04392,-0.03416,-0.0244,0.00244,-0.00488,-0.05856,-0.10736,-0.05856,-0.08784,-0.08784
-0.01952,0.02684,-0.03416,-0.0244,-0.01464,-0.00244,0,-0.05856,-0.0976,-0.05856,-0.09272,-0.08296
-0.01952,0.02684,-0.03416,-0.0244,-0.01464,-0.00244,0,-0.05856,-0.0976,-0.05856,-0.08784,-0.08296
-0.0244,0.03172,-0.03904,-0.02684,-0.01464,-0.00488,0,-0.06344,-0.10248,-0.05368,-0.08784,-0.07808
-0.0244,0.03172,-0.03904,-0.02684,-0.01464,-0.00488,0,-0.06344,-0.10248,-0.05368,-0.08784,-0.07808
-0.0244,0.03172,-0.03904,-0.02684,-0.01464,-0.00488,0,-0.06832,-0.10736,-0.05368,-0.08784,-0.07808
-0.0244,0.03172,-0.03904,-0.02684,-0.01464,-0.00488,0,-0.06832,-0.10736,-0.05368,-0.09272,-0.07808
-0.0244,0.03172,-0.03904,-0.02684,-0.01464,-0.00488,0,-0.06832,-0.10248,-0.05368,-0.08296,-0.08784
-0.0244,0.03416,-0.04392,-0.03172,-0.01952,-0.00244,-0.00488,-0.0732,-0.10248,-0.05856,-0.08784,-0.08784
-0.0244,0.03416,-0.04392,-0.03172,-0.01952,-0.00244,-0.00976,-0.07808,-0.11712,-0.05368,-0.0976,-0.08784
-0.0244,0.0366,-0.0488,-0.0366,-0.0244,0,-0.00976,-0.07808,-0.11712,-0.05368,-0.0976,-0.08784
-0.01464,0.0366,-0.05856,-0.05124,-0.04392,0.01464,-0.00488,-0.06832,-0.11224,-0.06832,-0.10248,-0.08296
-0.01952,0.04148,-0.06344,-0.05368,-0.04392,0.0122,-0.00488,-0.06832,-0.11224,-0.06344,-0.10248,-0.08296
-0.01952,0.03904,-0.05856,-0.0488,-0.03904,0.00976,-0.00488,-0.07808,-0.11712,-0.06344,-0.10248,-0.08296
-0.01952,0.03904,-0.05856,-0.0488,-0.03904,0.00976,-0.00488,-0.08296,-0.11712,-0.06832,-0.10248,-0.08784
-0.01952,0.03904,-0.05856,-0.0488,-0.03904,0.00976,-0.00488,-0.08784,-0.11712,-0.0732,-0.10248,-0.08784
-0.01952,0.04148,-0.06344,-0.05368,-0.04392,0.0122,-0.00488,-0.09272,-0.122,-0.07808,-0.10736,-0.08784
-0.01952,0.04636,-0.0732,-0.06344,-0.05368,0.01708,-0.00488,-0.08296,-0.13176,-0.07808,-0.10736,-0.10248
-0.01952,0.04636,-0.0732,-0.06344,-0.05368,0.01708,-0.00488,-0.08296,-0.12688,-0.07808,-0.10736,-0.10248
-0.01952,0.04392,-0.06832,-0.05856,-0.0488,0.01464,-0.01464,-0.08296,-0.122,-0.07808,-0.10248,-0.10248
-0.0244,0.04636,-0.06832,-0.05612,-0.04392,0.00976,-0.00976,-0.08296,-0.12688,-0.07808,-0.10736,-0.10248
-0.0244,0.04636,-0.06832,-0.05612,-0.04392,0.00976,-0.00976,-0.0976,-0.13664,-0.07808,-0.10736,-0.10248
-0.0244,0.04636,-0.06832,-0.05612,-0.04392,0.00976,-0.00976,-0.0976,-0.13664,-0.07808,-0.10736,-0.10736
-0.0244,0.05124,-0.07808,-0.06588,-0.05368,0.01464,-0.00976,-0.0976,-0.13664,-0.07808,-0.11712,-0.10736
-0.0244,0.05124,-0.07808,-0.06588,-0.05368,0.01464,-0.01464,-0.0976,-0.13664,-0.07808,-0.11712,-0.10736
-0.02928,0.05368,-0.07808,-0.06344,-0.0488,0.00976,-0.00488,-0.0976,-0.13176,-0.08296,-0.10736,-0.10736
-0.02928,0.05368,-0.07808,-0.06344,-0.0488,0.00976,-0.00976,-0.0976,-0.13664,-0.08784,-0.11712,-0.10736
-0.02928,0.05856,-0.08784,-0.0732,-0.05856,0.01464,-0.00976,-0.08784,-0.1464,-0.08784,-0.11712,-0.10736
-0.02928,0.05856,-0.08784,-0.0732,-0.05856,0.01464,-0.00976,-0.08784,-0.1464,-0.08784,-0.11712,-0.10736
-0.03904,0.061,-0.08296,-0.06344,-0.04392,0.00244,-0.00488,-0.0976,-0.13664,-0.08784,-0.11712,-0.10736
-0.04392,0.061,-0.07808,-0.05612,-0.03416,-0.00488,-0.00488,-0.0976,-0.13664,-0.08296,-0.11712,-0.10736
-0.03416,0.05124,-0.06832,-0.05124,-0.03416,0,0,-0.09272,-0.14152,-0.08296,-0.10248,-0.10248
-0.02928,0.04148,-0.05368,-0.03904,-0.0244,-0.00244,0,-0.08784,-0.12688,-0.0732,-0.08784,-0.09272
-0.02928,0.03172,-0.03416,-0.01952,-0.00488,-0.0122,0.00488,-0.08296,-0.10736,-0.05368,-0.08784,-0.0732
-0.02928,0.0244,-0.01952,-0.00488,0.00976,-0.01952,0.01464,-0.08296,-0.10736,-0.0488,-0.07808,-0.0732
-0.02928,0.02928,-0.02928,-0.01464,0,-0.01464,0.01464,-0.0732,-0.10248,-0.0488,-0.07808,-0.06832
-0.0244,0.0244,-0.0244,-0.0122,0,-0.0122,0.0244,-0.0732,-0.10248,-0.0488,-0.07808,-0.06832
-0.0244,0.02196,-0.01952,-0.00732,0.00488,-0.01464,0.03416,-0.05856,-0.09272,-0.0488,-0.07808,-0.06832
-0.0244,0.00976,0.00488,0.01708,0.02928,-0.02684,0.03416,-0.05368,-0.07808,-0.03416,-0.06832,-0.05856
-0.00976,-0.02196,0.05368,0.05856,0.06344,-0.0366,0.00976,-0.06344,-0.05856,-0.00488,-0.0488,-0.03904
0.00488,-0.04636,0.08784,0.0854,0.08296,-0.03904,-0.00976,-0.0732,-0.04392,0.01464,-0.02928,-0.01952
-0.00488,-0.04392,0.09272,0.09516,0.0976,-0.05124,-0.02928,-0.10248,-0.05368,0.00976,-0.03416,-0.01464
-0.00976,-0.02928,0.06832,0.0732,0.07808,-0.04392,-0.05368,-0.13664,-0.07808,0,-0.04392,-0.0244
-0.01464,-0.02196,0.05856,0.06588,0.0732,-0.04392,-0.05368,-0.15128,-0.0976,-0.01464,-0.0488,-0.0244
-0.01464,-0.02196,0.05856,0.06588,0.0732,-0.04392,-0.0488,-0.15616,-0.10248,-0.01464,-0.0488,-0.0244
-0.00488,-0.03172,0.06832,0.07076,0.0732,-0.03904,-0.03904,-0.13664,-0.08784,-0.00976,-0.03416,-0.0244
-0.00976,-0.01952,0.0488,0.05368,0.05856,-0.03416,-0.03416,-0.11712,-0.08784,-0.00976,-0.03416,-0.01952
-0.01952,0.00488,0.00976,0.01952,0.02928,-0.0244,-0.03416,-0.11712,-0.10736,-0.03904,-0.05856,-0.03904
-0.02928,0.0366,-0.04392,-0.02928,-0.01464,-0.00732,-0.02928,-0.11224,-0.12688,-0.05368,-0.09272,-0.06344
-0.0488,0.06344,-0.07808,-0.05368,-0.02928,-0.00976,-0.0244,-0.10248,-0.14152,-0.0732,-0.10248,-0.0976
-0.0488,0.07076,-0.09272,-0.06832,-0.04392,-0.00244,-0.0244,-0.10248,-0.1464,-0.08784,-0.11712,-0.10736
-0.03904,0.07076,-0.10248,-0.08296,-0.06344,0.0122,-0.0244,-0.11712,-0.1464,-0.09272,-0.122,-0.10248
-0.04392,0.07808,-0.11224,-0.09028,-0.06832,0.0122,-0.0244,-0.11712,-0.15616,-0.10248,-0.13176,-0.11224
-0.04392,0.0854,-0.12688,-0.10492,-0.08296,0.01952,-0.01464,-0.11712,-0.17568,-0.0976,-0.14152,-0.12688
-0.04392,0.0854,-0.12688,-0.10492,-0.08296,0.01952,-0.01464,-0.11712,-0.1708,-0.10248,-0.13664,-0.12688
-0.05368,0.09272,-0.13176,-0.10492,-0.07808,0.0122,-0.01464,-0.10736,-0.16592,-0.10248,-0.13664,-0.12688
-0.05856,0.09516,-0.13176,-0.10248,-0.0732,0.00732,-0.01464,-0.10736,-0.16592,-0.0976,-0.13664,-0.12688
-0.0488,0.0976,-0.1464,-0.122,-0.0976,0.0244,-0.01464,-0.10736,-0.1708,-0.11224,-0.14152,-0.122
-0.0488,0.0976,-0.1464,-0.122,-0.0976,0.0244,-0.01464,-0.10248,-0.1708,-0.11224,-0.14152,-0.122
-0.04392,0.0976,-0.15128,-0.12932,-0.10736,0.03172,-0.01464,-0.11224,-0.16592,-0.11224,-0.14152,-0.122
-0.04392,0.0976,-0.15128,-0.12932,-0.10736,0.03172,-0.01464,-0.11224,-0.16592,-0.11224,-0.14152,-0.122
-0.05368,0.10004,-0.1464,-0.11956,-0.09272,0.01952,-0.01464,-0.10248,-0.17568,-0.11712,-0.14152,-0.12688
-0.05368,0.10004,-0.1464,-0.11956,-0.09272,0.01952,-0.01464,-0.10248,-0.17568,-0.122,-0.14152,-0.12688
-0.04392,0.09516,-0.1464,-0.12444,-0.10248,0.02928,-0.00976,-0.10248,-0.18056,-0.11224,-0.1464,-0.12688
-0.04392,0.09272,-0.14152,-0.11956,-0.0976,0.02684,-0.00976,-0.10248,-0.18056,-0.11224,-0.1464,-0.12688
-0.04392,0.09516,-0.1464,-0.12444,-0.10248,0.02928,-0.00976,-0.10248,-0.1708,-0.11712,-0.1464,-0.12688
-0.04392,0.09516,-0.1464,-0.12444,-0.10248,0.02928,-0.00976,-0.10248,-0.1708,-0.11224,-0.1464,-0.13176
-0.04392,0.09516,-0.1464,-0.12444,-0.10248,0.02928,-0.00488,-0.10736,-0.1708,-0.122,-0.1464,-0.13176
-0.04392,0.09516,-0.1464,-0.12444,-0.10248,0.02928,-0.00488,-0.10736,-0.16592,-0.122,-0.1464,-0.13176
-0.04392,0.10004,-0.15616,-0.1342,-0.11224,0.03416,0,-0.09272,-0.16592,-0.122,-0.1464,-0.13176
-0.06344,0.12444,-0.18544,-0.15372,-0.122,0.02928,0.04392,-0.0488,-0.18544,-0.16104,-0.17568,-0.16104
-0.08296,0.17812,-0.27328,-0.2318,-0.19032,0.05368,0.1708,0.08296,-0.20984,-0.244,-0.2684,-0.23424
-0.10736,0.20496,-0.30256,-0.24888,-0.1952,0.04392,0.26352,0.1708,-0.1708,-0.2684,-0.30256,-0.27328
-0.07808,0.15128,-0.22448,-0.18544,-0.1464,0.03416,0.23912,0.16104,-0.08296,-0.20008,-0.22936,-0.20496
-0.01464,-0.02196,0.05856,0.06588,0.0732,-0.04392,0.07808,0.0732,0.1464,0.02928,-0.01464,-0.01464
0.18056,-0.30256,0.42456,0.33428,0.244,-0.03172,-0.26352,-0.05368,0.50264,0.44408,0.32208,0.28304
0.36112,-0.5734,0.78568,0.60512,0.42456,-0.03172,-0.78568,-0.66856,0.59048,0.86864,0.70272,0.61976
0.47824,-0.74664,1.01504,0.77592,0.5368,-0.02928,-1.1468,-1.0248,0.7076,1.2444,1.0004,0.90768
0.57584,-0.90524,1.23464,0.94672,0.6588,-0.04148,-1.3664,-1.16632,0.99552,1.70312,1.32736,1.17608
0.61488,-0.95404,1.2932,0.98576,0.67832,-0.03172,-1.38592,-1.1956,1.28344,1.9764,1.45912,1.25416
0.52216,-0.73444,0.94672,0.68564,0.42456,0.0488,-1.13216,-1.05896,1.04432,1.68848,1.18584,1.00528
0.23424,-0.31964,0.40504,0.28792,0.1708,0.03172,-0.75152,-1.0248,-0.0732,0.67344,0.51728,0.48312
-0.02928,-0.00976,0.0488,0.06344,0.07808,-0.05368,-0.42456,-0.8784,-0.72712,-0.08784,0.00488,0.06832
-0.11712,0.07564,-0.03416,0.0244,0.08296,-0.10004,-0.22936,-0.66368,-0.5124,-0.1464,-0.09272,-0.0488
-0.0488,0.02196,0.00488,0.02928,0.05368,-0.05124,-0.23424,-0.49776,-0.36112,-0.08296,-0.0732,-0.0244
-0.04392,0.03416,-0.0244,-0.00244,0.01952,-0.03172,-0.14152,-0.30256,-0.23912,-0.06832,-0.08296,-0.03904
-0.04392,0.04392,-0.04392,-0.02196,0,-0.02196,-0.02928,-0.15128,-0.13664,-0.05856,-0.08784,-0.05856
-0.04392,0.05124,-0.05856,-0.0366,-0.01464,-0.01464,0.01464,-0.122,-0.12688,-0.06832,-0.09272,-0.0732
-0.04392,0.06588,-0.08784,-0.06588,-0.04392,0,0.0244,-0.10248,-0.11224,-0.06832,-0.10248,-0.08296
-0.03904,0.0732,-0.10736,-0.08784,-0.06832,0.01464,0.0488,-0.05856,-0.10736,-0.06832,-0.10248,-0.08784
-0.03904,0.07564,-0.11224,-0.09272,-0.0732,0.01708,0.05856,-0.03416,-0.10248,-0.06832,-0.11224,-0.09272
-0.04392,0.08052,-0.11712,-0.09516,-0.0732,0.01464,0.06832,-0.03904,-0.10248,-0.0732,-0.11712,-0.0976
-0.0488,0.08052,-0.11224,-0.08784,-0.06344,0.00732,0.06832,-0.03416,-0.0976,-0.06344,-0.122,-0.0976
-0.04392,0.07808,-0.11224,-0.09028,-0.06832,0.0122,0.06344,-0.0244,-0.09272,-0.06344,-0.12688,-0.0976
-0.04392,0.08052,-0.11712,-0.09516,-0.0732,0.01464,0.06344,-0.01464,-0.09272,-0.06832,-0.12688,-0.10248
-0.04392,0.08052,-0.11712,-0.09516,-0.0732,0.01464,0.06344,-0.01464,-0.08784,-0.06344,-0.12688,-0.10248
-0.03904,0.07808,-0.11712,-0.0976,-0.07808,0.01952,0.06344,-0.00488,-0.0732,-0.06832,-0.122,-0.0976
-0.03904,0.07808,-0.11712,-0.0976,-0.07808,0.01952,0.06832,0,-0.0732,-0.06832,-0.122,-0.0976
-0.03416,0.07076,-0.10736,-0.09028,-0.0732,0.01952,0.0732,0.00976,-0.07808,-0.06344,-0.122,-0.09272
-0.03416,0.06832,-0.10248,-0.0854,-0.06832,0.01708,0.0732,0.00976,-0.0732,-0.06344,-0.11712,-0.09272
-0.03416,0.06588,-0.0976,-0.08052,-0.06344,0.01464,0.08296,0.01464,-0.06832,-0.05368,-0.11224,-0.09272
-0.03416,0.06588,-0.0976,-0.08052,-0.06344,0.01464,0.08784,0.01464,-0.06344,-0.05368,-0.11224,-0.09272
-0.02928,0.061,-0.09272,-0.07808,-0.06344,0.01708,0.0976,0.00976,-0.05368,-0.05368,-0.11224,-0.10248
-0.02928,0.061,-0.09272,-0.07808,-0.06344,0.01708,0.10248,0.0244,-0.05368,-0.05856,-0.10736,-0.0976
-0.02928,0.05856,-0.08784,-0.0732,-0.05856,0.01464,0.10248,0.03416,-0.0488,-0.05856,-0.10736,-0.08784
-0.02928,0.05612,-0.08296,-0.06832,-0.05368,0.0122,0.10248,0.03904,-0.03904,-0.05856,-0.10248,-0.08784
-0.02928,0.05124,-0.0732,-0.05856,-0.04392,0.00732,0.10248,0.03904,-0.0244,-0.05368,-0.10248,-0.08296
-0.0244,0.04636,-0.06832,-0.05612,-0.04392,0.00976,0.10248,0.04392,-0.01464,-0.04392,-0.0976,-0.08296
-0.0244,0.05124,-0.07808,-0.06588,-0.05368,0.01464,0.10736,0.06344,-0.00976,-0.04392,-0.0976,-0.0732
-0.0244,0.04636,-0.06832,-0.05612,-0.04392,0.00976,0.10736,0.0732,-0.00976,-0.03416,-0.09272,-0.0732
-0.0244,0.04636,-0.06832,-0.05612,-0.04392,0.00976,0.0976,0.06344,0.01464,-0.0244,-0.0976,-0.0732
-0.01952,0.04148,-0.06344,-0.05368,-0.04392,0.0122,0.10736,0.07808,0.0244,-0.01952,-0.09272,-0.06344
-0.01952,0.03904,-0.05856,-0.0488,-0.03904,0.00976,0.11712,0.08784,0.01952,-0.00976,-0.08296,-0.06344
-0.01952,0.03904,-0.05856,-0.0488,-0.03904,0.00976,0.122,0.09272,0.02928,-0.00488,-0.07808,-0.05368
-0.01464,0.03172,-0.0488,-0.04148,-0.03416,0.00976,0.11712,0.11712,0.0488,-0.00488,-0.06832,-0.05368
-0.00976,0.0244,-0.03904,-0.03416,-0.02928,0.00976,0.122,0.12688,0.05856,-0.00488,-0.06344,-0.04392
-0.00976,0.0244,-0.03904,-0.03416,-0.02928,0.00976,0.12688,0.13176,0.06832,0.00976,-0.06832,-0.04392
-0.00976,0.01708,-0.0244,-0.01952,-0.01464,0.00244,0.13176,0.1464,0.07808,0.01952,-0.06832,-0.03416
0,0.00976,-0.01952,-0.01952,-0.01952,0.00976,0.13664,0.17568,0.10248,0.03904,-0.06344,-0.0244
0,0.00488,-0.00976,-0.00976,-0.00976,0.00488,0.14152,0.19032,0.11712,0.0488,-0.05368,-0.01464
0.00488,0,-0.00488,-0.00732,-0.00976,0.00732,0.15616,0.20008,0.122,0.0488,-0.0488,-0.00976
0.00976,-0.00488,0,-0.00488,-0.00976,0.00976,0.16592,0.2196,0.14152,0.05856,-0.04392,0
0.00488,-0.00732,0.00976,0.00732,0.00488,0,0.16592,0.25376,0.1708,0.07808,-0.02928,0
0.01464,-0.01952,0.0244,0.01708,0.00976,0.00244,0.16592,0.27328,0.18544,0.09272,-0.0244,0.00488
0.0244,-0.03172,0.03904,0.02684,0.01464,0.00488,0.18056,0.29768,0.2196,0.11224,-0.01464,0.02928
0.02928,-0.04148,0.05368,0.03904,0.0244,0.00244,0.18544,0.32696,0.23424,0.122,-0.00488,0.03904
0.03904,-0.05124,0.06344,0.04392,0.0244,0.00732,0.19032,0.34648,0.2684,0.13664,0.00976,0.03904
0.03904,-0.05612,0.0732,0.05368,0.03416,0.00244,0.1952,0.37088,0.2928,0.15616,0.01952,0.0488
0.05368,-0.06832,0.08296,0.05612,0.02928,0.0122,0.20008,0.38064,0.29768,0.16104,0.03416,0.05856
0.05856,-0.08052,0.10248,0.0732,0.04392,0.00732,0.20008,0.40016,0.32208,0.18056,0.04392,0.06832
0.06344,-0.09028,0.11712,0.0854,0.05368,0.00488,0.20496,0.4148,0.3416,0.19032,0.05368,0.0732
0.06832,-0.10004,0.13176,0.0976,0.06344,0.00244,0.20496,0.42456,0.35624,0.20008,0.06344,0.08296
0.06832,-0.10736,0.1464,0.11224,0.07808,-0.00488,0.20984,0.42944,0.37576,0.2196,0.08296,0.08784
0.0732,-0.11468,0.15616,0.11956,0.08296,-0.00488,0.20984,0.4392,0.38552,0.22448,0.08784,0.0976
0.0732,-0.11468,0.15616,0.11956,0.08296,-0.00488,0.20984,0.45384,0.38552,0.22936,0.08784,0.0976
0.07808,-0.122,0.16592,0.12688,0.08784,-0.00488,0.20984,0.45872,0.40016,0.23424,0.09272,0.10248
0.0732,-0.11956,0.16592,0.12932,0.09272,-0.00976,0.20984,0.45872,0.40504,0.244,0.10736,0.11224
0.0732,-0.12444,0.17568,0.13908,0.10248,-0.01464,0.20496,0.45872,0.40992,0.24888,0.11224,0.11224
0.08296,-0.13176,0.18056,0.13908,0.0976,-0.00732,0.20496,0.44896,0.40992,0.24888,0.122,0.11712
0.08296,-0.1342,0.18544,0.14396,0.10248,-0.00976,0.20008,0.4392,0.40992,0.24888,0.122,0.122
0.08784,-0.13664,0.18544,0.14152,0.0976,-0.00488,0.18056,0.40992,0.3904,0.24888,0.11712,0.122
0.08296,-0.1342,0.18544,0.14396,0.10248,-0.00976,0.17568,0.38064,0.366,0.23912,0.10736,0.11712
0.08296,-0.12444,0.16592,0.12444,0.08296,0,0.15128,0.3416,0.32696,0.22936,0.09272,0.0976
0.06832,-0.11224,0.15616,0.122,0.08784,-0.00976,0.14152,0.30256,0.30256,0.20496,0.07808,0.08784
0.05856,-0.10248,0.1464,0.11712,0.08784,-0.01464,0.12688,0.26352,0.25864,0.17568,0.06344,0.07808
0.0488,-0.08784,0.12688,0.10248,0.07808,-0.01464,0.11224,0.21472,0.22448,0.15128,0.04392,0.05856
0.0244,-0.061,0.0976,0.0854,0.0732,-0.0244,0.09272,0.17568,0.17568,0.122,0.01952,0.04392
0.01952,-0.0488,0.07808,0.06832,0.05856,-0.01952,0.08296,0.13664,0.13664,0.0976,-0.00488,0.02928
0.00488,-0.03172,0.05856,0.05612,0.05368,-0.0244,0.07808,0.10736,0.08784,0.06344,-0.01952,0
0,-0.02196,0.04392,0.04392,0.04392,-0.02196,0.0732,0.0732,0.06344,0.04392,-0.03904,-0.00976
0,-0.0122,0.0244,0.0244,0.0244,-0.0122,0.0488,0.05368,0.0244,0.03416,-0.06344,-0.02928
-0.00488,0.00244,0,0.00244,0.00488,-0.00488,0.03904,0.02928,0,0.00976,-0.06832,-0.03904
-0.01464,0.0122,-0.00976,-0.00244,0.00488,-0.00976,0.03904,0.00976,-0.00488,-0.01464,-0.09272,-0.05368
-0.01464,0.01708,-0.01952,-0.0122,-0.00488,-0.00488,0.02928,-0.00976,-0.03416,-0.01952,-0.10248,-0.06344
-0.02928,0.02928,-0.02928,-0.01464,0,-0.01464,0.0244,-0.00976,-0.05368,-0.03416,-0.10736,-0.05856
-0.03416,0.0366,-0.03904,-0.02196,-0.00488,-0.01464,0.01952,-0.0244,-0.06344,-0.03904,-0.11224,-0.06832
-0.02928,0.03172,-0.03416,-0.01952,-0.00488,-0.0122,0.01952,-0.03416,-0.06832,-0.0488,-0.122,-0.0732
-0.02928,0.03416,-0.03904,-0.0244,-0.00976,-0.00976,0.01952,-0.03416,-0.07808,-0.05368,-0.11712,-0.0732
-0.03416,0.04148,-0.0488,-0.03172,-0.01464,-0.00976,0.01464,-0.03416,-0.09272,-0.05368,-0.122,-0.0732
-0.03416,0.04392,-0.05368,-0.0366,-0.01952,-0.00732,0.01464,-0.04392,-0.08784,-0.05856,-0.122,-0.07808
-0.03416,0.04636,-0.05856,-0.04148,-0.0244,-0.00488,0.01464,-0.04392,-0.09272,-0.05856,-0.12688,-0.07808
-0.03904,0.0488,-0.05856,-0.03904,-0.01952,-0.00976,0.01464,-0.04392,-0.09272,-0.05856,-0.12688,-0.07808
-0.03904,0.04392,-0.0488,-0.02928,-0.00976,-0.01464,0.01464,-0.04392,-0.0976,-0.05856,-0.12688,-0.07808
-0.03904,0.04392,-0.0488,-0.02928,-0.00976,-0.01464,0.01464,-0.04392,-0.0976,-0.05856,-0.13664,-0.07808
-0.03904,0.04392,-0.0488,-0.02928,-0.00976,-0.01464,0.01464,-0.05368,-0.0976,-0.06832,-0.13664,-0.07808
-0.03904,0.04148,-0.04392,-0.0244,-0.00488,-0.01708,0.01464,-0.05368,-0.0976,-0.06832,-0.14152,-0.07808
-0.03904,0.04148,-0.04392,-0.0244,-0.00488,-0.01708,0.01464,-0.06344,-0.09272,-0.06832,-0.13176,-0.08296
-0.03904,0.04148,-0.04392,-0.0244,-0.00488,-0.01708,0.01464,-0.06344,-0.09272,-0.06832,-0.13176,-0.07808
-0.03904,0.03904,-0.03904,-0.01952,0,-0.01952,0.00976,-0.05368,-0.09272,-0.05856,-0.13664,-0.07808
-0.03904,0.03904,-0.03904,-0.01952,0,-0.01952,0.00976,-0.05368,-0.08784,-0.05368,-0.13176,-0.07808
-0.03904,0.0366,-0.03416,-0.01464,0.00488,-0.02196,0.00976,-0.05368,-0.08784,-0.05368,-0.13176,-0.07808
-0.03416,0.03416,-0.03416,-0.01708,0,-0.01708,0.00976,-0.05856,-0.08784,-0.05368,-0.13176,-0.0732
-0.04392,0.04392,-0.04392,-0.02196,0,-0.02196,0.00976,-0.06832,-0.08784,-0.06344,-0.13176,-0.0732
-0.04392,0.04392,-0.04392,-0.02196,0,-0.02196,0.00488,-0.06832,-0.08784,-0.05856,-0.13176,-0.0732
-0.04392,0.04148,-0.03904,-0.01708,0.00488,-0.0244,0.00488,-0.05856,-0.08784,-0.0488,-0.12688,-0.0732
-0.03904,0.03904,-0.03904,-0.01952,0,-0.01952,0.00488,-0.06344,-0.09272,-0.0488,-0.12688,-0.0732
-0.04392,0.04392,-0.04392,-0.02196,0,-0.02196,0.00488,-0.06344,-0.09272,-0.0488,-0.12688,-0.06832
-0.03904,0.04148,-0.04392,-0.0244,-0.00488,-0.01708,0.00488,-0.06832,-0.0976,-0.0488,-0.12688,-0.06832
-0.02928,0.03172,-0.03416,-0.01952,-0.00488,-0.0122,0,-0.06832,-0.0976,-0.05856,-0.122,-0.06344
-0.02928,0.03172,-0.03416,-0.01952,-0.00488,-0.0122,0,-0.06832,-0.0976,-0.05856,-0.11712,-0.06344
-0.04392,0.04148,-0.03904,-0.01708,0.00488,-0.0244,0,-0.0732,-0.10248,-0.06344,-0.12688,-0.06832
-0.04392,0.04148,-0.03904,-0.01708,0.00488,-0.0244,0,-0.0732,-0.10248,-0.06344,-0.12688,-0.06832
-0.04392,0.04148,-0.03904,-0.01708,0.00488,-0.0244,0,-0.07808,-0.10736,-0.0732,-0.12688,-0.06832
-0.04392,0.04148,-0.03904,-0.01708,0.00488,-0.0244,0,-0.07808,-0.10736,-0.0732,-0.13176,-0.06832
-0.03416,0.0366,-0.03904,-0.02196,-0.00488,-0.01464,-0.00976,-0.08784,-0.11224,-0.06344,-0.13176,-0.06832
-0.03416,0.03904,-0.04392,-0.02684,-0.00976,-0.0122,-0.01464,-0.09272,-0.11224,-0.06832,-0.13664,-0.06832
-0.03416,0.03904,-0.04392,-0.02684,-0.00976,-0.0122,-0.00976,-0.08784,-0.11712,-0.06344,-0.12688,-0.07808
-0.03416,0.04148,-0.0488,-0.03172,-0.01464,-0.00976,-0.00976,-0.08784,-0.11712,-0.06344,-0.12688,-0.07808
-0.03416,0.04148,-0.0488,-0.03172,-0.01464,-0.00976,-0.01464,-0.0976,-0.122,-0.07808,-0.13176,-0.0732
-0.03904,0.04636,-0.05368,-0.03416,-0.01464,-0.0122,-0.01464,-0.0976,-0.122,-0.0732,-0.13176,-0.0732
-0.0488,0.05856,-0.06832,-0.04392,-0.01952,-0.01464,-0.00488,-0.08784,-0.11712,-0.0732,-0.13176,-0.08296
-0.0488,0.05856,-0.06832,-0.04392,-0.01952,-0.01464,-0.00488,-0.09272,-0.11712,-0.07808,-0.13176,-0.08784
-0.03904,0.05368,-0.06832,-0.0488,-0.02928,-0.00488,-0.00488,-0.08784,-0.11712,-0.08296,-0.14152,-0.08784
-0.03904,0.05612,-0.0732,-0.05368,-0.03416,-0.00244,-0.00488,-0.09272,-0.122,-0.08784,-0.1464,-0.08784
-0.03904,0.05612,-0.0732,-0.05368,-0.03416,-0.00244,-0.00488,-0.10248,-0.13176,-0.08784,-0.1464,-0.08296
-0.03904,0.05612,-0.0732,-0.05368,-0.03416,-0.00244,-0.00488,-0.10248,-0.12688,-0.08784,-0.1464,-0.08296
-0.03904,0.05368,-0.06832,-0.0488,-0.02928,-0.00488,-0.01464,-0.09272,-0.122,-0.07808,-0.14152,-0.08296
-0.04392,0.05612,-0.06832,-0.04636,-0.0244,-0.00976,-0.00976,-0.09272,-0.12688,-0.07808,-0.1464,-0.08296
-0.04392,0.061,-0.07808,-0.05612,-0.03416,-0.00488,-0.01952,-0.10736,-0.13664,-0.08784,-0.13664,-0.08296
-0.04392,0.061,-0.07808,-0.05612,-0.03416,-0.00488,-0.01952,-0.10736,-0.13664,-0.08784,-0.13664,-0.08784
-0.04392,0.061,-0.07808,-0.05612,-0.03416,-0.00488,-0.01952,-0.10736,-0.13664,-0.08784,-0.13664,-0.08784
-0.04392,0.061,-0.07808,-0.05612,-0.03416,-0.00488,-0.0244,-0.10736,-0.13664,-0.08784,-0.13664,-0.08784
-0.0488,0.06344,-0.07808,-0.05368,-0.02928,-0.00976,-0.01464,-0.10736,-0.13176,-0.09272,-0.1464,-0.0976
-0.0488,0.061,-0.0732,-0.0488,-0.0244,-0.0122,-0.01464,-0.10248,-0.13176,-0.08784,-0.1464,-0.09272
-0.0488,0.061,-0.0732,-0.0488,-0.0244,-0.0122,-0.01464,-0.10248,-0.13176,-0.08296,-0.14152,-0.08296
-0.0488,0.06344,-0.07808,-0.05368,-0.02928,-0.00976,-0.01952,-0.10736,-0.13664,-0.08784,-0.1464,-0.0976
-0.0488,0.06344,-0.07808,-0.05368,-0.02928,-0.00976,-0.01952,-0.10736,-0.13664,-0.08784,-0.1464,-0.0976
-0.0488,0.06588,-0.08296,-0.05856,-0.03416,-0.00732,-0.01952,-0.10736,-0.13664,-0.0976,-0.1464,-0.0976
-0.0488,0.06344,-0.07808,-0.05368,-0.02928,-0.00976,-0.01464,-0.10736,-0.13664,-0.0976,-0.1464,-0.0976
-0.05368,0.06344,-0.0732,-0.04636,-0.01952,-0.01708,-0.00976,-0.10736,-0.13176,-0.09272,-0.15128,-0.09272
-0.0488,0.05612,-0.06344,-0.03904,-0.01464,-0.01708,-0.00976,-0.10248,-0.122,-0.08784,-0.14152,-0.09272
-0.0488,0.0488,-0.0488,-0.0244,0,-0.0244,-0.00976,-0.09272,-0.11224,-0.06832,-0.13664,-0.07808
-0.0488,0.04148,-0.03416,-0.00976,0.01464,-0.03172,0.00488,-0.09272,-0.10736,-0.05856,-0.12688,-0.0732
-0.0488,0.03416,-0.01952,0.00488,0.02928,-0.03904,0.00488,-0.08296,-0.10736,-0.05856,-0.12688,-0.08296
-0.04392,0.02928,-0.01464,0.00732,0.02928,-0.0366,0.00488,-0.08296,-0.10248,-0.05856,-0.12688,-0.07808
-0.04392,0.0366,-0.02928,-0.00732,0.01464,-0.02928,0.01952,-0.08296,-0.10248,-0.06832,-0.12688,-0.07808
-0.04392,0.03172,-0.01952,0.00244,0.0244,-0.03416,0.0244,-0.07808,-0.09272,-0.06344,-0.122,-0.0732
-0.04392,0.01952,0.00488,0.02684,0.0488,-0.04636,0.02928,-0.07808,-0.07808,-0.04392,-0.0976,-0.05856
-0.03416,-0.00488,0.04392,0.061,0.07808,-0.05612,0.00976,-0.0732,-0.06344,-0.0244,-0.07808,-0.03904
-0.02928,-0.0244,0.07808,0.09272,0.10736,-0.06832,0,-0.06832,-0.04392,0,-0.05856,-0.01464
-0.01952,-0.02928,0.07808,0.08784,0.0976,-0.05856,-0.02928,-0.10248,-0.05856,-0.00976,-0.05368,-0.01464
-0.01952,-0.01952,0.05856,0.06832,0.07808,-0.0488,-0.0488,-0.122,-0.07808,-0.01952,-0.07808,-0.0244
-0.0244,-0.01708,0.05856,0.07076,0.08296,-0.05368,-0.05856,-0.13664,-0.09272,-0.0244,-0.07808,-0.0244
-0.03416,-0.01708,0.06832,0.0854,0.10248,-0.06832,-0.05856,-0.14152,-0.08784,-0.0244,-0.07808,-0.03416
-0.03904,-0.01464,0.06832,0.08784,0.10736,-0.0732,-0.0488,-0.13664,-0.08784,-0.01952,-0.0732,-0.02928
-0.02928,-0.01464,0.05856,0.0732,0.08784,-0.05856,-0.0488,-0.122,-0.08296,-0.0244,-0.0732,-0.03904
-0.04392,0.0122,0.01952,0.04148,0.06344,-0.05368,-0.04392,-0.11712,-0.0976,-0.02928,-0.09272,-0.0488
-0.05368,0.04148,-0.02928,-0.00244,0.0244,-0.03904,-0.0244,-0.11224,-0.11712,-0.05856,-0.122,-0.0732
-0.05856,0.05856,-0.05856,-0.02928,0,-0.02928,-0.0244,-0.11224,-0.122,-0.0732,-0.14152,-0.08784
-0.05856,0.06832,-0.07808,-0.0488,-0.01952,-0.01952,-0.0244,-0.11224,-0.13664,-0.08784,-0.15128,-0.09272
-0.06344,0.07564,-0.08784,-0.05612,-0.0244,-0.01952,-0.0244,-0.11712,-0.14152,-0.0976,-0.15616,-0.0976
-0.06344,0.08784,-0.11224,-0.08052,-0.0488,-0.00732,-0.0244,-0.11712,-0.16104,-0.10736,-0.15616,-0.10736
-0.06344,0.09028,-0.11712,-0.0854,-0.05368,-0.00488,-0.0244,-0.11712,-0.16592,-0.11224,-0.16104,-0.10736
-0.06344,0.09272,-0.122,-0.09028,-0.05856,-0.00244,-0.0244,-0.11712,-0.16104,-0.11224,-0.16592,-0.11712
-0.06344,0.09272,-0.122,-0.09028,-0.05856,-0.00244,-0.0244,-0.11712,-0.16592,-0.10736,-0.16592,-0.11712
-0.06832,0.0976,-0.12688,-0.09272,-0.05856,-0.00488,-0.0244,-0.11712,-0.16104,-0.10736,-0.16592,-0.122
-0.06832,0.0976,-0.12688,-0.09272,-0.05856,-0.00488,-0.0244,-0.11224,-0.16104,-0.11224,-0.1708,-0.122
-0.06832,0.0976,-0.12688,-0.09272,-0.05856,-0.00488,-0.01464,-0.122,-0.16592,-0.11224,-0.1708,-0.122
-0.06344,0.0976,-0.13176,-0.10004,-0.06832,0.00244,-0.01464,-0.122,-0.16592,-0.11224,-0.1708,-0.122
-0.0732,0.10492,-0.13664,-0.10004,-0.06344,-0.00488,-0.01464,-0.11224,-0.16592,-0.10736,-0.1708,-0.12688
-0.0732,0.10492,-0.13664,-0.10004,-0.06344,-0.00488,-0.01464,-0.11224,-0.16592,-0.11224,-0.1708,-0.12688
-0.06344,0.10004,-0.13664,-0.10492,-0.0732,0.00488,-0.01952,-0.11224,-0.16592,-0.122,-0.17568,-0.12688
-0.06344,0.0976,-0.13176,-0.10004,-0.06832,0.00244,-0.01952,-0.11224,-0.1708,-0.122,-0.17568,-0.12688
-0.06344,0.10004,-0.13664,-0.10492,-0.0732,0.00488,-0.00976,-0.11224,-0.1708,-0.12688,-0.17568,-0.11712
-0.06344,0.10004,-0.13664,-0.10492,-0.0732,0.00488,-0.00976,-0.11224,-0.1708,-0.12688,-0.17568,-0.122
-0.06344,0.10492,-0.1464,-0.11468,-0.08296,0.00976,-0.00488,-0.11224,-0.16104,-0.122,-0.16592,-0.122
-0.06344,0.10492,-0.1464,-0.11468,-0.08296,0.00976,-0.00488,-0.10736,-0.16104,-0.122,-0.16592,-0.122
-0.0732,0.10492,-0.13664,-0.10004,-0.06344,-0.00488,-0.00488,-0.10736,-0.15616,-0.122,-0.16592,-0.122
-0.06344,0.10248,-0.14152,-0.1098,-0.07808,0.00732,0,-0.0976,-0.16592,-0.122,-0.1708,-0.13664
-0.06344,0.11224,-0.16104,-0.12932,-0.0976,0.01708,0.0244,-0.0732,-0.1708,-0.15128,-0.1952,-0.14152
-0.10248,0.17812,-0.25376,-0.20252,-0.15128,0.0244,0.1464,0.0488,-0.20984,-0.244,-0.28304,-0.22448
-0.12688,0.20984,-0.2928,-0.22936,-0.16592,0.01952,0.25376,0.14152,-0.1952,-0.2928,-0.33672,-0.27816
-0.10736,0.16348,-0.2196,-0.16592,-0.11224,0.00244,0.23912,0.1464,-0.122,-0.22936,-0.26352,-0.2196
-0.04392,0.0122,0.01952,0.04148,0.06344,-0.05368,0.10736,0.08296,0.0732,-0.0244,-0.08296,-0.04392
0.14152,-0.25132,0.36112,0.29036,0.2196,-0.03904,-0.1952,-0.00976,0.3904,0.33672,0.22448,0.22936
0.33672,-0.5246,0.71248,0.54412,0.37576,-0.01952,-0.72712,-0.57096,0.5368,0.7564,0.5856,0.57096
0.46848,-0.7198,0.97112,0.73688,0.50264,-0.01708,-1.11752,-0.99552,0.66368,1.13216,0.90768,0.84424
0.59048,-0.88816,1.18584,0.8906,0.59536,-0.00244,-1.34688,-1.12728,0.94184,1.54208,1.20536,1.098
0.63928,-0.94916,1.25904,0.9394,0.61976,0.00976,-1.37616,-1.1712,1.22,1.82024,1.37128,1.21512
0.56608,-0.77104,0.976,0.69296,0.40992,0.07808,-1.17608,-1.08336,1.0248,1.5616,1.11752,0.976
0.27328,-0.35136,0.42944,0.2928,0.15616,0.05856,-0.8052,-1.03944,0.06832,0.66368,0.50752,0.49288
-0.0244,-0.00976,0.04392,0.05612,0.06832,-0.04636,-0.45384,-0.93208,-0.66368,-0.0976,-0.0244,0.06832
-0.13664,0.08296,-0.02928,0.03904,0.10736,-0.122,-0.25864,-0.75152,-0.46848,-0.15616,-0.11224,-0.03416
-0.06344,0.03416,-0.00488,0.02684,0.05856,-0.061,-0.23424,-0.53192,-0.36112,-0.122,-0.11224,-0.02928
-0.04392,0.02684,-0.00976,0.0122,0.03416,-0.03904,-0.16592,-0.32696,-0.23912,-0.07808,-0.10736,-0.03904
-0.05368,0.04636,-0.03904,-0.0122,0.01464,-0.03416,-0.03904,-0.16104,-0.14152,-0.06832,-0.10736,-0.05856
-0.05368,0.05124,-0.0488,-0.02196,0.00488,-0.02928,0.00488,-0.13664,-0.11712,-0.06832,-0.11224,-0.05856
-0.0488,0.05612,-0.06344,-0.03904,-0.01464,-0.01708,0.01464,-0.11712,-0.11224,-0.08784,-0.12688,-0.08296
-0.03904,0.05368,-0.06832,-0.0488,-0.02928,-0.00488,0.03904,-0.05368,-0.11224,-0.08296,-0.13664,-0.09272
-0.05368,0.07564,-0.0976,-0.07076,-0.04392,-0.00488,0.05856,-0.03416,-0.11224,-0.10248,-0.15616,-0.10736
-0.05856,0.08052,-0.10248,-0.0732,-0.04392,-0.00732,0.05856,-0.04392,-0.11224,-0.10248,-0.15616,-0.10736
-0.05368,0.08296,-0.11224,-0.0854,-0.05856,0.00244,0.05856,-0.04392,-0.0976,-0.09272,-0.15128,-0.10736
-0.05368,0.08296,-0.11224,-0.0854,-0.05856,0.00244,0.05368,-0.0244,-0.09272,-0.08784,-0.15616,-0.10736
-0.05368,0.08052,-0.10736,-0.08052,-0.05368,0,0.06344,-0.01464,-0.09272,-0.08784,-0.1464,-0.10248
-0.05368,0.08052,-0.10736,-0.08052,-0.05368,0,0.06344,-0.01464,-0.08784,-0.08296,-0.14152,-0.0976
-0.0488,0.0732,-0.0976,-0.0732,-0.0488,0,0.05368,-0.01464,-0.09272,-0.07808,-0.15128,-0.10736
-0.04392,0.07076,-0.0976,-0.07564,-0.05368,0.00488,0.05856,-0.00976,-0.09272,-0.07808,-0.15128,-0.10736
-0.04392,0.06832,-0.09272,-0.07076,-0.0488,0.00244,0.06344,0,-0.07808,-0.08296,-0.13664,-0.09272
-0.04392,0.06588,-0.08784,-0.06588,-0.04392,0,0.06344,0,-0.06832,-0.08296,-0.13664,-0.09272
-0.04392,0.07076,-0.0976,-0.07564,-0.05368,0.00488,0.06344,0.00488,-0.06344,-0.08296,-0.14152,-0.09272
-0.03904,0.06588,-0.09272,-0.0732,-0.05368,0.00732,0.06832,0.00976,-0.05368,-0.08296,-0.14152,-0.09272
-0.03904,0.061,-0.08296,-0.06344,-0.04392,0.00244,0.0732,0.01952,-0.06344,-0.08296,-0.13176,-0.08784
-0.03904,0.061,-0.08296,-0.06344,-0.04392,0.00244,0.0732,0.0244,-0.05856,-0.08784,-0.12688,-0.08784
-0.03904,0.05612,-0.0732,-0.05368,-0.03416,-0.00244,0.0732,0.02928,-0.04392,-0.08784,-0.12688,-0.08784
-0.03904,0.05612,-0.0732,-0.05368,-0.03416,-0.00244,0.0732,0.02928,-0.03904,-0.08296,-0.122,-0.08784
-0.03416,0.05612,-0.07808,-0.061,-0.04392,0.00488,0.08296,0.05368,-0.03904,-0.06344,-0.122,-0.09272
-0.03416,0.05612,-0.07808,-0.061,-0.04392,0.00488,0.08784,0.05368,-0.03416,-0.06344,-0.11712,-0.08784
-0.03416,0.05124,-0.06832,-0.05124,-0.03416,0,0.07808,0.06832,-0.01952,-0.06344,-0.11224,-0.08296
-0.03416,0.04636,-0.05856,-0.04148,-0.0244,-0.00488,0.07808,0.0732,-0.00976,-0.05368,-0.11224,-0.08296
-0.02928,0.04148,-0.05368,-0.03904,-0.0244,-0.00244,0.07808,0.08296,-0.00976,-0.05368,-0.11712,-0.06344
-0.02928,0.03904,-0.0488,-0.03416,-0.01952,-0.00488,0.08784,0.09272,-0.00488,-0.04392,-0.11224,-0.06344
-0.02928,0.04392,-0.05856,-0.04392,-0.02928,0,0.08784,0.09272,0.01464,-0.03904,-0.0976,-0.05856
-0.0244,0.0366,-0.0488,-0.0366,-0.0244,0,0.09272,0.10248,0.0244,-0.02928,-0.08784,-0.05368
-0.0244,0.03172,-0.03904,-0.02684,-0.01464,-0.00488,0.0976,0.122,0.03416,-0.03416,-0.09272,-0.04392
-0.01952,0.0244,-0.02928,-0.01952,-0.00976,-0.00488,0.10736,0.13176,0.04392,-0.0244,-0.09272,-0.04392
-0.00976,0.01952,-0.02928,-0.0244,-0.01952,0.00488,0.11224,0.14152,0.03904,-0.0244,-0.08784,-0.05368
0,0.00976,-0.01952,-0.01952,-0.01952,0.00976,0.11224,0.15128,0.05856,-0.01464,-0.08784,-0.03904
-0.00976,0.0122,-0.01464,-0.00976,-0.00488,-0.00244,0.11224,0.1708,0.06832,-0.00488,-0.0732,-0.01952
-0.00488,0.00488,-0.00488,-0.00244,0,-0.00244,0.11712,0.19032,0.08784,0.00488,-0.06832,-0.01464
0.00488,-0.00244,0,-0.00244,-0.00488,0.00488,0.11712,0.20984,0.10248,0.0244,-0.06832,-0.01464
0.00976,-0.00732,0.00488,0,-0.00488,0.00732,0.13176,0.23424,0.122,0.03416,-0.05368,-0.00976
0.00488,-0.00976,0.01464,0.0122,0.00976,-0.00244,0.13664,0.25376,0.14152,0.04392,-0.0488,-0.00976
0.01464,-0.02196,0.02928,0.02196,0.01464,0,0.1464,0.27816,0.15616,0.06344,-0.03904,0.00976
0.01464,-0.02928,0.04392,0.0366,0.02928,-0.00732,0.14152,0.30744,0.17568,0.06832,-0.03904,0.01464
0.01952,-0.03904,0.05856,0.0488,0.03904,-0.00976,0.15128,0.32696,0.20008,0.07808,-0.0244,0.0244
0.02928,-0.04392,0.05856,0.04392,0.02928,0,0.16592,0.34648,0.2196,0.08784,-0.00488,0.03416
0.03904,-0.05368,0.06832,0.0488,0.02928,0.00488,0.16592,0.37088,0.23912,0.10248,0.00976,0.04392
0.0488,-0.07076,0.09272,0.06832,0.04392,0.00244,0.1708,0.3904,0.26352,0.122,0.01952,0.05368
0.0488,-0.08052,0.11224,0.08784,0.06344,-0.00732,0.1708,0.40992,0.28304,0.1464,0.02928,0.05856
0.05856,-0.09028,0.122,0.09272,0.06344,-0.00244,0.17568,0.43432,0.30256,0.1464,0.03904,0.06832
0.05856,-0.0976,0.13664,0.10736,0.07808,-0.00976,0.17568,0.44408,0.30744,0.15616,0.0488,0.07808
0.0732,-0.10736,0.14152,0.10492,0.06832,0.00244,0.18056,0.45384,0.32208,0.16104,0.05856,0.08296
0.0732,-0.11224,0.15128,0.11468,0.07808,-0.00244,0.18056,0.4636,0.32696,0.16592,0.06344,0.08784
0.07808,-0.11468,0.15128,0.11224,0.0732,0.00244,0.18056,0.4636,0.33672,0.18056,0.05856,0.09272
0.07808,-0.11712,0.15616,0.11712,0.07808,0,0.18056,0.46848,0.34648,0.18544,0.06344,0.09272
0.08296,-0.12444,0.16592,0.12444,0.08296,0,0.17568,0.47824,0.35624,0.19032,0.07808,0.11224
0.08296,-0.12932,0.17568,0.1342,0.09272,-0.00488,0.17568,0.47824,0.36112,0.1952,0.08296,0.11712
0.08296,-0.13176,0.18056,0.13908,0.0976,-0.00732,0.17568,0.47336,0.36112,0.19032,0.09272,0.11712
0.08784,-0.13664,0.18544,0.14152,0.0976,-0.00488,0.16592,0.4636,0.35136,0.19032,0.0976,0.122
0.08784,-0.13664,0.18544,0.14152,0.0976,-0.00488,0.15616,0.44408,0.35136,0.19032,0.0976,0.122
0.08296,-0.1342,0.18544,0.14396,0.10248,-0.00976,0.1464,0.40992,0.33184,0.1952,0.08784,0.10736
0.0732,-0.12688,0.18056,0.14396,0.10736,-0.01708,0.14152,0.37088,0.31232,0.18544,0.08296,0.11712
0.06344,-0.11712,0.1708,0.13908,0.10736,-0.02196,0.11712,0.33672,0.28792,0.16592,0.06832,0.10248
0.05368,-0.10492,0.15616,0.12932,0.10248,-0.0244,0.11224,0.2928,0.23912,0.13664,0.05368,0.08784
0.04392,-0.09028,0.13664,0.11468,0.09272,-0.0244,0.0976,0.244,0.20496,0.10736,0.03416,0.0732
0.03416,-0.07076,0.10736,0.09028,0.0732,-0.01952,0.08784,0.20496,0.16592,0.09272,0.01464,0.05856
0.0244,-0.05612,0.08784,0.07564,0.06344,-0.01952,0.0732,0.16592,0.13176,0.06344,0,0.03904
0.0244,-0.04636,0.06832,0.05612,0.04392,-0.00976,0.05368,0.12688,0.0976,0.03416,-0.01952,0.01464
0.01464,-0.03416,0.05368,0.04636,0.03904,-0.0122,0.0488,0.0976,0.06832,0.01464,-0.03416,0.00488
0,-0.01464,0.02928,0.02928,0.02928,-0.01464,0.03416,0.05856,0.02928,0.00488,-0.04392,-0.00976
-0.01464,-0.00244,0.01952,0.02684,0.03416,-0.0244,0.0244,0.03904,0.01464,-0.01464,-0.06344,-0.01952
-0.0244,0.01464,-0.00488,0.00732,0.01952,-0.02196,0.01464,0.01952,-0.01952,-0.03904,-0.07808,-0.03904
-0.0244,0.01952,-0.01464,-0.00244,0.00976,-0.01708,0.00976,0.00488,-0.03904,-0.05368,-0.08784,-0.0488
-0.0244,0.0244,-0.0244,-0.0122,0,-0.0122,0.00488,-0.00976,-0.0488,-0.06344,-0.0976,-0.03904
-0.02928,0.03172,-0.03416,-0.01952,-0.00488,-0.0122,0,-0.01952,-0.05856,-0.0732,-0.11224,-0.05368
-0.02928,0.03416,-0.03904,-0.0244,-0.00976,-0.00976,0,-0.0244,-0.0732,-0.08296,-0.11712,-0.05368
-0.03416,0.0366,-0.03904,-0.02196,-0.00488,-0.01464,-0.00488,-0.0244,-0.07808,-0.08296,-0.11712,-0.05368
-0.03416,0.03904,-0.04392,-0.02684,-0.00976,-0.0122,-0.00488,-0.03416,-0.08296,-0.08296,-0.122,-0.06344
-0.03416,0.03904,-0.04392,-0.02684,-0.00976,-0.0122,-0.00488,-0.03416,-0.07808,-0.08784,-0.12688,-0.06832
-0.03904,0.04392,-0.0488,-0.02928,-0.00976,-0.01464,-0.00488,-0.04392,-0.08296,-0.08784,-0.11712,-0.06832
-0.03904,0.04392,-0.0488,-0.02928,-0.00976,-0.01464,-0.00488,-0.04392,-0.08296,-0.08784,-0.11712,-0.06832
-0.03904,0.04392,-0.0488,-0.02928,-0.00976,-0.01464,-0.00488,-0.04392,-0.08784,-0.0976,-0.11224,-0.06832
-0.03904,0.04392,-0.0488,-0.02928,-0.00976,-0.01464,-0.00488,-0.04392,-0.08784,-0.0976,-0.11224,-0.06832
-0.03904,0.04392,-0.0488,-0.02928,-0.00976,-0.01464,-0.01464,-0.04392,-0.08784,-0.0976,-0.11712,-0.06832
-0.03904,0.04148,-0.04392,-0.0244,-0.00488,-0.01708,-0.01464,-0.04392,-0.08296,-0.0976,-0.122,-0.06832
-0.03904,0.04148,-0.04392,-0.0244,-0.00488,-0.01708,-0.01464,-0.04392,-0.08296,-0.0976,-0.122,-0.0732
-0.03904,0.04148,-0.04392,-0.0244,-0.00488,-0.01708,-0.01464,-0.04392,-0.08296,-0.0976,-0.122,-0.06832
-0.03904,0.03904,-0.03904,-0.01952,0,-0.01952,-0.00976,-0.04392,-0.08296,-0.0976,-0.11712,-0.06832
-0.03904,0.03904,-0.03904,-0.01952,0,-0.01952,-0.00976,-0.04392,-0.07808,-0.09272,-0.11224,-0.06832
-0.03904,0.0366,-0.03416,-0.01464,0.00488,-0.02196,-0.01952,-0.04392,-0.07808,-0.09272,-0.11224,-0.06344
-0.03416,0.03416,-0.03416,-0.01708,0,-0.01708,-0.01952,-0.0488,-0.07808,-0.09272,-0.11224,-0.06344
-0.03416,0.03416,-0.03416,-0.01708,0,-0.01708,-0.01952,-0.0488,-0.08784,-0.08784,-0.10248,-0.06344
-0.03416,0.03172,-0.02928,-0.0122,0.00488,-0.01952,-0.0244,-0.0488,-0.08784,-0.08784,-0.10248,-0.06344
-0.04392,0.03172,-0.01952,0.00244,0.0244,-0.03416,-0.0244,-0.0488,-0.09272,-0.08784,-0.0976,-0.0732
-0.03904,0.02928,-0.01952,0,0.01952,-0.02928,-0.0244,-0.05368,-0.09272,-0.08784,-0.0976,-0.06832
-0.03416,0.02928,-0.0244,-0.00732,0.00976,-0.02196,-0.0244,-0.05368,-0.08784,-0.08784,-0.0976,-0.06832
-0.02928,0.02684,-0.0244,-0.00976,0.00488,-0.01708,-0.0244,-0.05856,-0.08784,-0.08784,-0.0976,-0.06344
-0.03904,0.0366,-0.03416,-0.01464,0.00488,-0.02196,-0.01952,-0.05856,-0.08784,-0.08784,-0.10248,-0.05368
-0.04392,0.03904,-0.03416,-0.0122,0.00976,-0.02684,-0.01952,-0.05856,-0.08784,-0.09272,-0.0976,-0.05856
-0.03416,0.03172,-0.02928,-0.0122,0.00488,-0.01952,-0.02928,-0.0732,-0.10248,-0.09272,-0.0976,-0.06832
-0.03416,0.03172,-0.02928,-0.0122,0.00488,-0.01952,-0.02928,-0.07808,-0.10248,-0.09272,-0.0976,-0.06832
-0.03416,0.03172,-0.02928,-0.0122,0.00488,-0.01952,-0.02928,-0.06832,-0.10736,-0.09272,-0.10248,-0.05856
-0.03416,0.03172,-0.02928,-0.0122,0.00488,-0.01952,-0.02928,-0.06832,-0.10736,-0.09272,-0.10248,-0.05856
-0.0244,0.02928,-0.03416,-0.02196,-0.00976,-0.00732,-0.03416,-0.07808,-0.11224,-0.09272,-0.0976,-0.05856
-0.0244,0.02928,-0.03416,-0.02196,-0.00976,-0.00732,-0.02928,-0.08296,-0.11224,-0.0976,-0.0976,-0.05856
-0.03416,0.0366,-0.03904,-0.02196,-0.00488,-0.01464,-0.02928,-0.07808,-0.11712,-0.09272,-0.0976,-0.05856
-0.03416,0.0366,-0.03904,-0.02196,-0.00488,-0.01464,-0.03416,-0.07808,-0.122,-0.0976,-0.10248,-0.06344
-0.03416,0.03904,-0.04392,-0.02684,-0.00976,-0.0122,-0.0244,-0.07808,-0.122,-0.10248,-0.10248,-0.06344
-0.03904,0.04148,-0.04392,-0.0244,-0.00488,-0.01708,-0.0244,-0.07808,-0.12688,-0.10248,-0.10248,-0.06344
-0.03904,0.04392,-0.0488,-0.02928,-0.00976,-0.01464,-0.0244,-0.08296,-0.12688,-0.10248,-0.10248,-0.06344
-0.03904,0.04392,-0.0488,-0.02928,-0.00976,-0.01464,-0.0244,-0.08784,-0.12688,-0.10736,-0.10248,-0.06832
-0.03904,0.04392,-0.0488,-0.02928,-0.00976,-0.01464,-0.03416,-0.08784,-0.13176,-0.10736,-0.11224,-0.06832
-0.03904,0.04636,-0.05368,-0.03416,-0.01464,-0.0122,-0.03416,-0.09272,-0.13176,-0.10736,-0.11712,-0.0732
-0.03904,0.04636,-0.05368,-0.03416,-0.01464,-0.0122,-0.03416,-0.09272,-0.14152,-0.11712,-0.10736,-0.0732
-0.03904,0.0488,-0.05856,-0.03904,-0.01952,-0.00976,-0.03904,-0.09272,-0.13664,-0.11712,-0.10736,-0.0732
-0.03904,0.0488,-0.05856,-0.03904,-0.01952,-0.00976,-0.03416,-0.09272,-0.13664,-0.12688,-0.11224,-0.08296
-0.04392,0.05124,-0.05856,-0.0366,-0.01464,-0.01464,-0.02928,-0.0976,-0.13664,-0.12688,-0.11712,-0.08296
-0.04392,0.05124,-0.05856,-0.0366,-0.01464,-0.01464,-0.03904,-0.10736,-0.13664,-0.12688,-0.11712,-0.08784
-0.04392,0.05124,-0.05856,-0.0366,-0.01464,-0.01464,-0.03904,-0.10736,-0.13664,-0.12688,-0.11712,-0.08784
-0.04392,0.05612,-0.06832,-0.04636,-0.0244,-0.00976,-0.03416,-0.0976,-0.1464,-0.11712,-0.11712,-0.07808
-0.03904,0.05124,-0.06344,-0.04392,-0.0244,-0.00732,-0.02928,-0.0976,-0.1464,-0.11712,-0.11712,-0.07808
-0.03904,0.04636,-0.05368,-0.03416,-0.01464,-0.0122,-0.03416,-0.0976,-0.15128,-0.122,-0.11712,-0.08784
-0.03904,0.04636,-0.05368,-0.03416,-0.01464,-0.0122,-0.03416,-0.09272,-0.1464,-0.122,-0.11224,-0.08296
-0.0488,0.05368,-0.05856,-0.03416,-0.00976,-0.01952,-0.02928,-0.0976,-0.1464,-0.12688,-0.12688,-0.07808
-0.03904,0.0488,-0.05856,-0.03904,-0.01952,-0.00976,-0.03904,-0.10736,-0.1464,-0.13664,-0.11712,-0.08784
-0.03904,0.0488,-0.05856,-0.03904,-0.01952,-0.00976,-0.03904,-0.10736,-0.1464,-0.13664,-0.11712,-0.08784
-0.03904,0.05124,-0.06344,-0.04392,-0.0244,-0.00732,-0.04392,-0.0976,-0.1464,-0.13664,-0.11712,-0.08784
-0.04392,0.05124,-0.05856,-0.0366,-0.01464,-0.01464,-0.04392,-0.0976,-0.1464,-0.13176,-0.11712,-0.08784
-0.04392,0.05124,-0.05856,-0.0366,-0.01464,-0.01464,-0.03904,-0.10248,-0.14152,-0.13176,-0.11224,-0.08296
-0.03904,0.04148,-0.04392,-0.0244,-0.00488,-0.01708,-0.03904,-0.0976,-0.12688,-0.122,-0.0976,-0.0732
-0.03904,0.0366,-0.03416,-0.01464,0.00488,-0.02196,-0.0244,-0.09272,-0.12688,-0.10248,-0.0976,-0.05368
-0.03904,0.02928,-0.01952,0,0.01952,-0.02928,-0.01464,-0.09272,-0.12688,-0.0976,-0.08784,-0.05368
-0.03904,0.02928,-0.01952,0,0.01952,-0.02928,-0.0244,-0.08296,-0.11224,-0.0976,-0.0976,-0.05856
-0.03416,0.0244,-0.01464,0.00244,0.01952,-0.02684,-0.01464,-0.08296,-0.11224,-0.0976,-0.0976,-0.05856
-0.04392,0.03172,-0.01952,0.00244,0.0244,-0.03416,0.00488,-0.06832,-0.11224,-0.0976,-0.08784,-0.05856
-0.04392,0.01952,0.00488,0.02684,0.0488,-0.04636,0.00488,-0.06344,-0.0976,-0.08296,-0.07808,-0.0488
-0.02928,-0.0122,0.05368,0.06832,0.08296,-0.05612,-0.00976,-0.06344,-0.07808,-0.06344,-0.05856,-0.01952
-0.01464,-0.0366,0.08784,0.09516,0.10248,-0.05856,-0.02928,-0.0732,-0.06344,-0.04392,-0.03904,0
-0.00488,-0.04392,0.09272,0.09516,0.0976,-0.05124,-0.0488,-0.09272,-0.06344,-0.03904,-0.03416,-0.00488
-0.00976,-0.03416,0.07808,0.08296,0.08784,-0.0488,-0.0732,-0.12688,-0.08784,-0.0488,-0.04392,-0.01464
-0.01464,-0.03172,0.07808,0.0854,0.09272,-0.05368,-0.09272,-0.15128,-0.11712,-0.0732,-0.0488,-0.01464
-0.01464,-0.03172,0.07808,0.0854,0.09272,-0.05368,-0.08784,-0.15616,-0.122,-0.0732,-0.0488,-0.01464
-0.01464,-0.0366,0.08784,0.09516,0.10248,-0.05856,-0.06832,-0.13664,-0.10736,-0.05856,-0.04392,-0.01464
-0.01952,-0.0244,0.06832,0.07808,0.08784,-0.05368,-0.06344,-0.12688,-0.0976,-0.05856,-0.04392,-0.00976
-0.02928,-0.00488,0.03904,0.05368,0.06832,-0.0488,-0.05368,-0.12688,-0.11712,-0.07808,-0.05856,-0.02928
-0.03904,0.02196,-0.00488,0.01464,0.03416,-0.0366,-0.0488,-0.122,-0.13664,-0.09272,-0.08296,-0.05368
-0.05856,0.05368,-0.0488,-0.01952,0.00976,-0.03416,-0.04392,-0.122,-0.15128,-0.11224,-0.10248,-0.06832
-0.05856,0.061,-0.06344,-0.03416,-0.00488,-0.02684,-0.04392,-0.122,-0.15616,-0.12688,-0.11712,-0.07808
-0.0488,0.061,-0.0732,-0.0488,-0.0244,-0.0122,-0.04392,-0.11712,-0.16592,-0.13176,-0.11224,-0.08296
-0.05368,0.06832,-0.08296,-0.05612,-0.02928,-0.0122,-0.04392,-0.11712,-0.17568,-0.14152,-0.122,-0.09272
-0.05368,0.08052,-0.10736,-0.08052,-0.05368,0,-0.04392,-0.12688,-0.17568,-0.1464,-0.14152,-0.0976
-0.05368,0.08052,-0.10736,-0.08052,-0.05368,0,-0.04392,-0.12688,-0.1708,-0.15128,-0.13664,-0.0976
-0.05368,0.07808,-0.10248,-0.07564,-0.0488,-0.00244,-0.04392,-0.12688,-0.18544,-0.16104,-0.13664,-0.10736
-0.05856,0.08052,-0.10248,-0.0732,-0.04392,-0.00732,-0.04392,-0.12688,-0.18544,-0.15616,-0.13664,-0.10736
-0.05856,0.08296,-0.10736,-0.07808,-0.0488,-0.00488,-0.03416,-0.11712,-0.18056,-0.15128,-0.14152,-0.10248
-0.05856,0.08296,-0.10736,-0.07808,-0.0488,-0.00488,-0.03416,-0.11224,-0.18056,-0.15128,-0.14152,-0.10248
-0.05368,0.08784,-0.122,-0.09516,-0.06832,0.00732,-0.04392,-0.122,-0.18544,-0.16104,-0.13176,-0.11224
-0.05368,0.08784,-0.122,-0.09516,-0.06832,0.00732,-0.04392,-0.122,-0.18544,-0.16104,-0.13176,-0.122
-0.05368,0.0854,-0.11712,-0.09028,-0.06344,0.00488,-0.04392,-0.122,-0.18544,-0.15616,-0.14152,-0.11712
-0.05368,0.0854,-0.11712,-0.09028,-0.06344,0.00488,-0.04392,-0.122,-0.18544,-0.16104,-0.14152,-0.10736
-0.05368,0.0854,-0.11712,-0.09028,-0.06344,0.00488,-0.0488,-0.11224,-0.19032,-0.1708,-0.1464,-0.10736
-0.05368,0.08296,-0.11224,-0.0854,-0.05856,0.00244,-0.0488,-0.11224,-0.19032,-0.1708,-0.1464,-0.10736
-0.04392,0.08052,-0.11712,-0.09516,-0.0732,0.01464,-0.03904,-0.11224,-0.19032,-0.16592,-0.1464,-0.10736
-0.04392,0.08052,-0.11712,-0.09516,-0.0732,0.01464,-0.03904,-0.11224,-0.19032,-0.16104,-0.1464,-0.11224
-0.05368,0.09028,-0.12688,-0.10004,-0.0732,0.00976,-0.03416,-0.10736,-0.18056,-0.16104,-0.13664,-0.122
-0.05368,0.09028,-0.12688,-0.10004,-0.0732,0.00976,-0.03416,-0.10736,-0.17568,-0.16104,-0.13664,-0.122
-0.05368,0.0854,-0.11712,-0.09028,-0.06344,0.00488,-0.02928,-0.11224,-0.18544,-0.16104,-0.13664,-0.11224
-0.06344,0.10492,-0.1464,-0.11468,-0.08296,0.00976,-0.00488,-0.07808,-0.18544,-0.1708,-0.15616,-0.13176
-0.09272,0.1586,-0.22448,-0.17812,-0.13176,0.01952,0.09272,0.01464,-0.22936,-0.26352,-0.22936,-0.20496
-0.12688,0.20008,-0.27328,-0.20984,-0.1464,0.00976,0.21472,0.15128,-0.2196,-0.32696,-0.30256,-0.26352
-0.11712,0.17568,-0.23424,-0.17568,-0.11712,0,0.22936,0.16104,-0.14152,-0.28792,-0.25864,-0.22448
-0.04392,0.0366,-0.02928,-0.00732,0.01464,-0.02928,0.13664,0.122,0.00976,-0.0976,-0.10248,-0.06344
0.122,-0.20984,0.29768,0.23668,0.17568,-0.02684,-0.12688,0.05368,0.32696,0.23912,0.18544,0.17568
0.3416,-0.50508,0.66856,0.49776,0.32696,0.00732,-0.63928,-0.33672,0.53192,0.65392,0.56608,0.52216
0.49776,-0.72224,0.94672,0.69784,0.44896,0.0244,-1.10776,-0.9272,0.62952,1.01992,0.89304,0.81984
0.64416,-0.91012,1.17608,0.854,0.53192,0.05612,-1.34688,-1.05896,0.86864,1.42008,1.18096,1.08824
0.69296,-0.99308,1.2932,0.94672,0.60024,0.04636,-1.43472,-1.16632,1.1468,1.70312,1.37128,1.21512
0.61,-0.84668,1.08336,0.77836,0.47336,0.06832,-1.25904,-1.098,1.04432,1.5616,1.20536,1.04432
0.35136,-0.46116,0.57096,0.39528,0.2196,0.06588,-0.90768,-1.0736,0.23912,0.7808,0.66368,0.61
0.02928,-0.06344,0.0976,0.08296,0.06832,-0.01952,-0.53192,-0.98576,-0.64904,-0.07808,0.06344,0.11712
-0.10736,0.05124,0.00488,0.05856,0.11224,-0.1098,-0.3172,-0.8296,-0.49288,-0.17568,-0.0732,-0.00976
-0.07808,0.04148,-0.00488,0.03416,0.0732,-0.07564,-0.25376,-0.59536,-0.41968,-0.1708,-0.08296,-0.04392
-0.05368,0.01952,0.01464,0.04148,0.06832,-0.061,-0.2196,-0.38064,-0.27816,-0.12688,-0.06344,-0.02928
-0.05368,0.03904,-0.0244,0.00244,0.02928,-0.04148,-0.08784,-0.19032,-0.18544,-0.10736,-0.08784,-0.03904
-0.05368,0.04636,-0.03904,-0.0122,0.01464,-0.03416,-0.03416,-0.16104,-0.1464,-0.10736,-0.09272,-0.05368
-0.04392,0.04636,-0.0488,-0.02684,-0.00488,-0.01952,-0.0244,-0.14152,-0.14152,-0.10736,-0.09272,-0.06344
-0.03904,0.05368,-0.06832,-0.0488,-0.02928,-0.00488,0.00976,-0.06832,-0.12688,-0.11712,-0.09272,-0.07808
-0.03904,0.061,-0.08296,-0.06344,-0.04392,0.00244,0.01952,-0.03416,-0.13176,-0.12688,-0.11224,-0.08296
-0.04392,0.06588,-0.08784,-0.06588,-0.04392,0,0.02928,-0.03904,-0.13176,-0.13176,-0.11712,-0.08784
-0.0488,0.06588,-0.08296,-0.05856,-0.03416,-0.00732,0.02928,-0.05368,-0.13664,-0.14152,-0.11224,-0.08784
-0.04392,0.06344,-0.08296,-0.061,-0.03904,-0.00244,0.0244,-0.04392,-0.13176,-0.14152,-0.11712,-0.08784
-0.04392,0.07076,-0.0976,-0.07564,-0.05368,0.00488,0.03416,-0.0244,-0.13176,-0.12688,-0.11712,-0.10248
-0.04392,0.07076,-0.0976,-0.07564,-0.05368,0.00488,0.03416,-0.0244,-0.12688,-0.122,-0.11712,-0.10248
-0.03904,0.06344,-0.08784,-0.06832,-0.0488,0.00488,0.0244,-0.0244,-0.11224,-0.11712,-0.11224,-0.0976
-0.03904,0.06344,-0.08784,-0.06832,-0.0488,0.00488,0.02928,-0.01952,-0.11224,-0.11712,-0.11224,-0.0976
-0.03416,0.061,-0.08784,-0.07076,-0.05368,0.00976,0.03416,-0.00976,-0.10736,-0.11224,-0.11224,-0.08296
-0.03416,0.05856,-0.08296,-0.06588,-0.0488,0.00732,0.03416,-0.00976,-0.10248,-0.11224,-0.10736,-0.08296
-0.04392,0.06588,-0.08784,-0.06588,-0.04392,0,0.03416,-0.00488,-0.10736,-0.122,-0.10248,-0.08296
-0.04392,0.06588,-0.08784,-0.06588,-0.04392,0,0.03904,-0.00488,-0.10248,-0.122,-0.10248,-0.08296
-0.03904,0.061,-0.08296,-0.06344,-0.04392,0.00244,0.03904,0,-0.09272,-0.122,-0.10248,-0.08296
-0.03904,0.061,-0.08296,-0.06344,-0.04392,0.00244,0.04392,0.01464,-0.09272,-0.12688,-0.0976,-0.07808
-0.02928,0.0488,-0.06832,-0.05368,-0.03904,0.00488,0.04392,0.0244,-0.08784,-0.12688,-0.0976,-0.06832
-0.02928,0.04636,-0.06344,-0.0488,-0.03416,0.00244,0.04392,0.02928,-0.07808,-0.12688,-0.09272,-0.06832
-0.01952,0.04148,-0.06344,-0.05368,-0.04392,0.0122,0.05368,0.02928,-0.08296,-0.122,-0.08296,-0.0732
-0.01464,0.0366,-0.05856,-0.05124,-0.04392,0.01464,0.05368,0.03416,-0.0732,-0.11224,-0.07808,-0.0732
-0.0244,0.04148,-0.05856,-0.04636,-0.03416,0.00488,0.05856,0.05368,-0.05856,-0.10248,-0.07808,-0.06344
-0.0244,0.0366,-0.0488,-0.0366,-0.0244,0,0.05856,0.06344,-0.05856,-0.09272,-0.0732,-0.06344
-0.0244,0.04148,-0.05856,-0.04636,-0.03416,0.00488,0.05856,0.05368,-0.05368,-0.08296,-0.06832,-0.05368
-0.01952,0.0366,-0.05368,-0.04392,-0.03416,0.00732,0.06832,0.06832,-0.04392,-0.07808,-0.06344,-0.04392
-0.01952,0.03416,-0.0488,-0.03904,-0.02928,0.00488,0.06832,0.08784,-0.03904,-0.07808,-0.0732,-0.0488
-0.01952,0.03416,-0.0488,-0.03904,-0.02928,0.00488,0.0732,0.09272,-0.02928,-0.0732,-0.06832,-0.0488
-0.01464,0.02684,-0.03904,-0.03172,-0.0244,0.00488,0.06832,0.10736,-0.01952,-0.05368,-0.05856,-0.05368
-0.00976,0.01952,-0.02928,-0.0244,-0.01952,0.00488,0.0732,0.11712,-0.00976,-0.05368,-0.05368,-0.04392
-0.00976,0.01952,-0.02928,-0.0244,-0.01952,0.00488,0.07808,0.13176,0.00976,-0.0488,-0.03904,-0.03416
-0.00976,0.0122,-0.01464,-0.00976,-0.00488,-0.00244,0.08296,0.1464,0.01952,-0.03904,-0.03904,-0.0244
0,0.00488,-0.00976,-0.00976,-0.00976,0.00488,0.08784,0.15616,0.0244,-0.01952,-0.04392,-0.0244
0,0,0,0,0,0,0.09272,0.1708,0.03904,-0.00976,-0.03416,-0.01464
0.00488,-0.00488,0.00488,0.00244,0,0.00244,0.0976,0.19032,0.05368,-0.00976,-0.02928,0
0.00976,-0.00976,0.00976,0.00488,0,0.00488,0.10736,0.20984,0.0732,0,-0.0244,0.00976
0.01464,-0.01708,0.01952,0.0122,0.00488,0.00488,0.11712,0.244,0.09272,0.01952,-0.00976,0.00976
0.0244,-0.02928,0.03416,0.02196,0.00976,0.00732,0.11712,0.26352,0.10736,0.03416,-0.00488,0.01464
0.0244,-0.03172,0.03904,0.02684,0.01464,0.00488,0.13176,0.27816,0.13176,0.04392,0.00488,0.02928
0.02928,-0.04148,0.05368,0.03904,0.0244,0.00244,0.13664,0.30744,0.1464,0.05368,0.01464,0.03904
0.03904,-0.05612,0.0732,0.05368,0.03416,0.00244,0.14152,0.33672,0.1708,0.06832,0.02928,0.03904
0.03904,-0.061,0.08296,0.06344,0.04392,-0.00244,0.1464,0.36112,0.1952,0.08784,0.03904,0.0488
0.04392,-0.06344,0.08296,0.061,0.03904,0.00244,0.14152,0.37088,0.20984,0.08296,0.04392,0.06832
0.0488,-0.07564,0.10248,0.07808,0.05368,-0.00244,0.14152,0.3904,0.23424,0.10248,0.05368,0.07808
0.05368,-0.0854,0.11712,0.09028,0.06344,-0.00488,0.15616,0.40504,0.244,0.11224,0.06344,0.08296
0.05856,-0.09516,0.13176,0.10248,0.0732,-0.00732,0.15616,0.4148,0.25864,0.122,0.0732,0.09272
0.06832,-0.10248,0.13664,0.10248,0.06832,0,0.15128,0.42944,0.2684,0.13176,0.08296,0.0976
0.0732,-0.1098,0.1464,0.1098,0.0732,0,0.15128,0.4392,0.27816,0.13664,0.08784,0.10736
0.0732,-0.1098,0.1464,0.1098,0.0732,0,0.15128,0.45384,0.2684,0.15128,0.10736,0.10736
0.07808,-0.11712,0.15616,0.11712,0.07808,0,0.15128,0.45872,0.28304,0.15616,0.11224,0.11224
0.08296,-0.12444,0.16592,0.12444,0.08296,0,0.15128,0.44896,0.29768,0.15616,0.10736,0.11224
0.08296,-0.12932,0.17568,0.1342,0.09272,-0.00488,0.1464,0.44896,0.30256,0.16104,0.11224,0.11224
0.09272,-0.13664,0.18056,0.1342,0.08784,0.00244,0.1464,0.44896,0.30256,0.16104,0.11224,0.11712
0.09272,-0.13908,0.18544,0.13908,0.09272,0,0.14152,0.4392,0.30256,0.16104,0.11224,0.122
0.08784,-0.13664,0.18544,0.14152,0.0976,-0.00488,0.13176,0.42944,0.30256,0.16104,0.11712,0.13176
0.08296,-0.1342,0.18544,0.14396,0.10248,-0.00976,0.12688,0.40016,0.27816,0.15128,0.10736,0.12688
0.08296,-0.1342,0.18544,0.14396,0.10248,-0.00976,0.11224,0.36112,0.25864,0.1464,0.11224,0.12688
0.06832,-0.122,0.17568,0.14152,0.10736,-0.01952,0.10248,0.32208,0.23424,0.13176,0.0976,0.11712
0.05856,-0.10736,0.15616,0.12688,0.0976,-0.01952,0.07808,0.28304,0.20008,0.11712,0.07808,0.0976
0.0488,-0.09272,0.13664,0.11224,0.08784,-0.01952,0.06344,0.23424,0.16592,0.09272,0.06832,0.07808
0.03416,-0.07076,0.10736,0.09028,0.0732,-0.01952,0.06344,0.1952,0.13176,0.0732,0.0488,0.06344
0.02928,-0.05856,0.08784,0.0732,0.05856,-0.01464,0.05368,0.15616,0.10248,0.0488,0.0244,0.0488
0.01464,-0.04636,0.07808,0.07076,0.06344,-0.0244,0.02928,0.12688,0.05856,0.01464,0.00976,0.02928
0.00976,-0.0366,0.06344,0.05856,0.05368,-0.02196,0.0244,0.09272,0.03416,-0.00488,-0.00976,0.01952
0,-0.02196,0.04392,0.04392,0.04392,-0.02196,0.01952,0.05368,0.00488,-0.0244,-0.0244,0
-0.00488,-0.00732,0.01952,0.02196,0.0244,-0.01464,0.00976,0.02928,-0.01952,-0.0488,-0.02928,-0.00976
-0.0244,0.00732,0.00976,0.02196,0.03416,-0.02928,0,0.01952,-0.03416,-0.06344,-0.05368,-0.0244
-0.0244,0.0122,0,0.0122,0.0244,-0.0244,-0.00976,0,-0.06344,-0.06832,-0.06344,-0.03416
-0.02928,0.01952,-0.00976,0.00488,0.01952,-0.0244,-0.01464,-0.01952,-0.0732,-0.08296,-0.06344,-0.03904
-0.03416,0.02684,-0.01952,-0.00244,0.01464,-0.0244,-0.01952,-0.03416,-0.08296,-0.08784,-0.07808,-0.0488
-0.03904,0.03172,-0.0244,-0.00488,0.01464,-0.02684,-0.01952,-0.03416,-0.0976,-0.10736,-0.09272,-0.05368
-0.03904,0.03416,-0.02928,-0.00976,0.00976,-0.0244,-0.01952,-0.03416,-0.10736,-0.11224,-0.08784,-0.05368
-0.04392,0.04148,-0.03904,-0.01708,0.00488,-0.0244,-0.01464,-0.03416,-0.10248,-0.11224,-0.09272,-0.05368
-0.04392,0.04392,-0.04392,-0.02196,0,-0.02196,-0.01464,-0.04392,-0.0976,-0.11712,-0.09272,-0.05856
-0.03416,0.04148,-0.0488,-0.03172,-0.01464,-0.00976,-0.0244,-0.05368,-0.11224,-0.11712,-0.0976,-0.05856
-0.03904,0.04392,-0.0488,-0.02928,-0.00976,-0.01464,-0.0244,-0.05368,-0.11224,-0.11712,-0.0976,-0.05856
-0.03904,0.04392,-0.0488,-0.02928,-0.00976,-0.01464,-0.0244,-0.04392,-0.10736,-0.10736,-0.09272,-0.05856
-0.03904,0.04392,-0.0488,-0.02928,-0.00976,-0.01464,-0.0244,-0.04392,-0.10736,-0.10736,-0.09272,-0.05856
-0.03904,0.04392,-0.0488,-0.02928,-0.00976,-0.01464,-0.0244,-0.04392,-0.10736,-0.11712,-0.08784,-0.05856
-0.03904,0.04148,-0.04392,-0.0244,-0.00488,-0.01708,-0.0244,-0.04392,-0.10736,-0.11712,-0.09272,-0.05856
-0.03904,0.0366,-0.03416,-0.01464,0.00488,-0.02196,-0.0244,-0.04392,-0.10248,-0.10736,-0.09272,-0.06344
-0.03904,0.0366,-0.03416,-0.01464,0.00488,-0.02196,-0.0244,-0.04392,-0.10248,-0.10736,-0.09272,-0.05856
-0.03904,0.03904,-0.03904,-0.01952,0,-0.01952,-0.02928,-0.04392,-0.10248,-0.10736,-0.08784,-0.05856
-0.03904,0.03904,-0.03904,-0.01952,0,-0.01952,-0.02928,-0.04392,-0.0976,-0.10248,-0.08296,-0.05856
-0.03904,0.0366,-0.03416,-0.01464,0.00488,-0.02196,-0.02928,-0.05368,-0.10736,-0.11224,-0.09272,-0.06832
-0.03416,0.03416,-0.03416,-0.01708,0,-0.01708,-0.02928,-0.05856,-0.10736,-0.11224,-0.09272,-0.06344
-0.03416,0.03416,-0.03416,-0.01708,0,-0.01708,-0.03904,-0.05856,-0.10736,-0.11224,-0.08296,-0.05368
-0.03416,0.03416,-0.03416,-0.01708,0,-0.01708,-0.04392,-0.05856,-0.10736,-0.10736,-0.08296,-0.05368
-0.03416,0.03172,-0.02928,-0.0122,0.00488,-0.01952,-0.04392,-0.0488,-0.10736,-0.10736,-0.07808,-0.05368
-0.02928,0.02928,-0.02928,-0.01464,0,-0.01464,-0.04392,-0.05368,-0.11224,-0.10736,-0.07808,-0.05368
-0.03416,0.03416,-0.03416,-0.01708,0,-0.01708,-0.04392,-0.05368,-0.11224,-0.0976,-0.06832,-0.0488
-0.02928,0.03172,-0.03416,-0.01952,-0.00488,-0.0122,-0.04392,-0.05856,-0.11712,-0.0976,-0.06832,-0.0488
-0.03904,0.03172,-0.0244,-0.00488,0.01464,-0.02684,-0.0488,-0.05856,-0.10736,-0.0976,-0.0732,-0.05368
-0.03904,0.03172,-0.0244,-0.00488,0.01464,-0.02684,-0.0488,-0.05856,-0.10736,-0.0976,-0.06832,-0.05368
-0.03416,0.03172,-0.02928,-0.0122,0.00488,-0.01952,-0.03904,-0.06344,-0.122,-0.10248,-0.07808,-0.05856
-0.03416,0.03172,-0.02928,-0.0122,0.00488,-0.01952,-0.03904,-0.06344,-0.122,-0.10248,-0.07808,-0.05856
-0.03416,0.0366,-0.03904,-0.02196,-0.00488,-0.01464,-0.03904,-0.07808,-0.12688,-0.11224,-0.06832,-0.05856
-0.03416,0.0366,-0.03904,-0.02196,-0.00488,-0.01464,-0.03904,-0.07808,-0.12688,-0.11224,-0.0732,-0.05856
-0.03416,0.0366,-0.03904,-0.02196,-0.00488,-0.01464,-0.03904,-0.07808,-0.13176,-0.11224,-0.0732,-0.05856
-0.03416,0.03904,-0.04392,-0.02684,-0.00976,-0.0122,-0.04392,-0.08296,-0.13176,-0.11712,-0.07808,-0.05856
-0.03416,0.03904,-0.04392,-0.02684,-0.00976,-0.0122,-0.03904,-0.08784,-0.13664,-0.122,-0.08784,-0.0488
-0.03416,0.04148,-0.0488,-0.03172,-0.01464,-0.00976,-0.03904,-0.08784,-0.13664,-0.122,-0.08784,-0.0488
-0.03416,0.04148,-0.0488,-0.03172,-0.01464,-0.00976,-0.04392,-0.07808,-0.13176,-0.12688,-0.09272,-0.06344
-0.03904,0.04636,-0.05368,-0.03416,-0.01464,-0.0122,-0.04392,-0.07808,-0.13176,-0.122,-0.09272,-0.06344
-0.03904,0.0488,-0.05856,-0.03904,-0.01952,-0.00976,-0.04392,-0.08784,-0.1464,-0.122,-0.09272,-0.06344
-0.03904,0.0488,-0.05856,-0.03904,-0.01952,-0.00976,-0.04392,-0.09272,-0.1464,-0.12688,-0.09272,-0.06832
-0.03904,0.0488,-0.05856,-0.03904,-0.01952,-0.00976,-0.04392,-0.08784,-0.1464,-0.122,-0.09272,-0.06832
-0.03904,0.05124,-0.06344,-0.04392,-0.0244,-0.00732,-0.04392,-0.09272,-0.15128,-0.12688,-0.0976,-0.06832
-0.03904,0.05124,-0.06344,-0.04392,-0.0244,-0.00732,-0.05368,-0.09272,-0.16104,-0.12688,-0.0976,-0.0732
-0.03904,0.05124,-0.06344,-0.04392,-0.0244,-0.00732,-0.05368,-0.09272,-0.15616,-0.12688,-0.0976,-0.0732
-0.03904,0.05368,-0.06832,-0.0488,-0.02928,-0.00488,-0.05368,-0.10248,-0.15128,-0.13664,-0.09272,-0.0732
-0.04392,0.05612,-0.06832,-0.04636,-0.0244,-0.00976,-0.0488,-0.10248,-0.15616,-0.13664,-0.0976,-0.0732
-0.04392,0.05612,-0.06832,-0.04636,-0.0244,-0.00976,-0.05856,-0.0976,-0.15616,-0.13664,-0.0976,-0.0732
-0.04392,0.05612,-0.06832,-0.04636,-0.0244,-0.00976,-0.0488,-0.0976,-0.15616,-0.12688,-0.0976,-0.07808
-0.02928,0.0488,-0.06832,-0.05368,-0.03904,0.00488,-0.0488,-0.0976,-0.16592,-0.13664,-0.0976,-0.06832
-0.03904,0.05368,-0.06832,-0.0488,-0.02928,-0.00488,-0.05856,-0.10736,-0.16592,-0.1464,-0.10736,-0.07808
-0.03904,0.05368,-0.06832,-0.0488,-0.02928,-0.00488,-0.05856,-0.10736,-0.16592,-0.1464,-0.10736,-0.07808
-0.03904,0.05612,-0.0732,-0.05368,-0.03416,-0.00244,-0.05368,-0.10736,-0.16592,-0.1464,-0.0976,-0.06832
-0.04392,0.05612,-0.06832,-0.04636,-0.0244,-0.00976,-0.05368,-0.10736,-0.16592,-0.14152,-0.0976,-0.06832
-0.04392,0.05124,-0.05856,-0.0366,-0.01464,-0.01464,-0.0488,-0.09272,-0.15128,-0.13176,-0.09272,-0.06344
-0.03904,0.04148,-0.04392,-0.0244,-0.00488,-0.01708,-0.0488,-0.08784,-0.13664,-0.11224,-0.07808,-0.05368
-0.03904,0.0366,-0.03416,-0.01464,0.00488,-0.02196,-0.04392,-0.0732,-0.12688,-0.11224,-0.07808,-0.04392
-0.03904,0.02928,-0.01952,0,0.01952,-0.02928,-0.03416,-0.0732,-0.12688,-0.10736,-0.06832,-0.04392
-0.03904,0.02928,-0.01952,0,0.01952,-0.02928,-0.03416,-0.08296,-0.122,-0.10736,-0.06832,-0.0488
-0.03416,0.0244,-0.01464,0.00244,0.01952,-0.02684,-0.0244,-0.08296,-0.122,-0.10736,-0.06832,-0.0488
-0.03416,0.02684,-0.01952,-0.00244,0.01464,-0.0244,-0.01464,-0.07808,-0.122,-0.10736,-0.06832,-0.0488
-0.03416,0.01464,0.00488,0.02196,0.03904,-0.0366,-0.01464,-0.0732,-0.10736,-0.09272,-0.05856,-0.03904
-0.01952,-0.0122,0.04392,0.05368,0.06344,-0.04148,-0.02928,-0.06344,-0.08784,-0.0732,-0.02928,-0.00976
-0.00488,-0.0366,0.07808,0.08052,0.08296,-0.04392,-0.0488,-0.0732,-0.0732,-0.05368,-0.00976,0.00976
-0.00488,-0.04392,0.09272,0.09516,0.0976,-0.05124,-0.06832,-0.10248,-0.08296,-0.0488,-0.00488,0.01464
-0.00976,-0.03416,0.07808,0.08296,0.08784,-0.0488,-0.09272,-0.13664,-0.10736,-0.05856,-0.01464,0.00488
-0.0244,-0.01708,0.05856,0.07076,0.08296,-0.05368,-0.10248,-0.15128,-0.11712,-0.0732,-0.01952,0.00488
-0.0244,-0.01708,0.05856,0.07076,0.08296,-0.05368,-0.0976,-0.15616,-0.122,-0.0732,-0.01952,0.00488
-0.0244,-0.02196,0.06832,0.08052,0.09272,-0.05856,-0.08784,-0.13664,-0.11712,-0.06832,-0.01464,0.00488
-0.02928,-0.00976,0.0488,0.06344,0.07808,-0.05368,-0.08296,-0.12688,-0.11712,-0.06832,-0.01464,0.00976
-0.02928,0.00488,0.01952,0.03416,0.0488,-0.03904,-0.0732,-0.11712,-0.12688,-0.08784,-0.03904,-0.01952
-0.03904,0.03172,-0.0244,-0.00488,0.01464,-0.02684,-0.06832,-0.11224,-0.1464,-0.10248,-0.06344,-0.04392
-0.05856,0.06344,-0.06832,-0.03904,-0.00976,-0.0244,-0.06344,-0.122,-0.16104,-0.11224,-0.08296,-0.05856
-0.05856,0.07076,-0.08296,-0.05368,-0.0244,-0.01708,-0.06344,-0.122,-0.16592,-0.12688,-0.0976,-0.06832
-0.05856,0.07076,-0.08296,-0.05368,-0.0244,-0.01708,-0.0732,-0.12688,-0.17568,-0.14152,-0.10248,-0.08296
-0.06344,0.07808,-0.09272,-0.061,-0.02928,-0.01708,-0.0732,-0.12688,-0.18544,-0.15128,-0.11224,-0.09272
-0.06344,0.09028,-0.11712,-0.0854,-0.05368,-0.00488,-0.06344,-0.12688,-0.1952,-0.15616,-0.122,-0.08784
-0.06344,0.09028,-0.11712,-0.0854,-0.05368,-0.00488,-0.06344,-0.12688,-0.19032,-0.16104,-0.11712,-0.08784
-0.06344,0.08784,-0.11224,-0.08052,-0.0488,-0.00732,-0.06344,-0.11712,-0.1952,-0.16104,-0.11712,-0.08784
-0.06832,0.09028,-0.11224,-0.07808,-0.04392,-0.0122,-0.06344,-0.11712,-0.1952,-0.15616,-0.11712,-0.08784
-0.06832,0.09272,-0.11712,-0.08296,-0.0488,-0.00976,-0.06344,-0.11712,-0.19032,-0.16104,-0.122,-0.09272
-0.06832,0.09272,-0.11712,-0.08296,-0.0488,-0.00976,-0.06344,-0.11224,-0.19032,-0.16104,-0.122,-0.09272
-0.06344,0.09272,-0.122,-0.09028,-0.05856,-0.00244,-0.06344,-0.122,-0.18544,-0.16104,-0.122,-0.09272
-0.06344,0.09272,-0.122,-0.09028,-0.05856,-0.00244,-0.06344,-0.122,-0.18544,-0.16104,-0.122,-0.09272
-0.06344,0.09516,-0.12688,-0.09516,-0.06344,0,-0.05368,-0.11224,-0.1952,-0.16592,-0.122,-0.0976
-0.06344,0.09516,-0.12688,-0.09516,-0.06344,0,-0.05368,-0.11224,-0.1952,-0.1708,-0.122,-0.0976
-0.05368,0.09028,-0.12688,-0.10004,-0.0732,0.00976,-0.05856,-0.11224,-0.20008,-0.1708,-0.12688,-0.08784
-0.05368,0.08784,-0.122,-0.09516,-0.06832,0.00732,-0.05856,-0.11224,-0.20008,-0.1708,-0.12688,-0.08784
-0.05368,0.09028,-0.12688,-0.10004,-0.0732,0.00976,-0.0488,-0.11224,-0.20008,-0.17568,-0.12688,-0.0976
-0.05368,0.09028,-0.12688,-0.10004,-0.0732,0.00976,-0.0488,-0.11224,-0.20008,-0.1708,-0.12688,-0.10248
-0.05368,0.09028,-0.12688,-0.10004,-0.0732,0.00976,-0.05368,-0.11712,-0.20008,-0.1708,-0.12688,-0.10248
-0.05368,0.09028,-0.12688,-0.10004,-0.0732,0.00976,-0.05368,-0.11712,-0.1952,-0.1708,-0.12688,-0.10248
-0.05368,0.09028,-0.12688,-0.10004,-0.0732,0.00976,-0.0488,-0.10248,-0.1952,-0.1708,-0.12688,-0.10248
-0.06344,0.10492,-0.1464,-0.11468,-0.08296,0.00976,-0.0244,-0.07808,-0.1952,-0.18056,-0.13664,-0.122
-0.09272,0.1586,-0.22448,-0.17812,-0.13176,0.01952,0.08296,0.01464,-0.23912,-0.27328,-0.22936,-0.18544
-0.13664,0.20008,-0.26352,-0.1952,-0.12688,-0.00488,0.21472,0.15128,-0.2196,-0.33672,-0.2928,-0.244
-0.12688,0.17568,-0.22448,-0.16104,-0.0976,-0.01464,0.20008,0.15128,-0.16104,-0.28792,-0.23912,-0.20496
-0.04392,0.02684,-0.00976,0.0122,0.03416,-0.03904,0.10736,0.10248,0,-0.10736,-0.0732,-0.06344
0.13176,-0.22448,0.3172,0.25132,0.18544,-0.02684,-0.16592,0.04392,0.3172,0.23912,0.21472,0.20496
0.36112,-0.52948,0.69784,0.51728,0.33672,0.0122,-0.67832,-0.37576,0.53192,0.67344,0.59536,0.5612
0.51728,-0.74664,0.976,0.71736,0.45872,0.02928,-1.13704,-0.94672,0.63928,1.03944,0.93208,0.86864
0.64416,-0.91988,1.1956,0.87352,0.55144,0.04636,-1.38592,-1.06872,0.8784,1.42984,1.22,1.10776
0.70272,-1.00284,1.30296,0.9516,0.60024,0.05124,-1.45424,-1.15656,1.15656,1.70312,1.38104,1.22488
0.61976,-0.85156,1.08336,0.77348,0.4636,0.07808,-1.25904,-1.11752,1.0248,1.5128,1.1956,1.0736
0.3416,-0.45628,0.57096,0.40016,0.22936,0.05612,-0.91744,-1.09312,0.16104,0.70272,0.64416,0.61
0.02928,-0.06344,0.0976,0.08296,0.06832,-0.01952,-0.53192,-0.976,-0.64904,-0.0976,0.08296,0.13664
-0.11712,0.05124,0.01464,0.0732,0.13176,-0.12444,-0.33672,-0.83936,-0.50264,-0.1952,-0.0732,-0.00976
-0.08784,0.04148,0.00488,0.0488,0.09272,-0.09028,-0.27328,-0.61488,-0.41968,-0.1708,-0.08296,-0.01464
-0.05368,0.01952,0.01464,0.04148,0.06832,-0.061,-0.22936,-0.38064,-0.28792,-0.12688,-0.05368,-0.00976
-0.06344,0.04392,-0.0244,0.00732,0.03904,-0.05124,-0.10736,-0.18056,-0.18544,-0.10736,-0.05856,-0.02928
-0.05368,0.04148,-0.02928,-0.00244,0.0244,-0.03904,-0.05368,-0.15128,-0.15616,-0.11712,-0.06344,-0.04392
-0.05368,0.04636,-0.03904,-0.0122,0.01464,-0.03416,-0.03416,-0.13176,-0.15128,-0.11712,-0.0732,-0.04392
-0.0488,0.05368,-0.05856,-0.03416,-0.00976,-0.01952,-0.01952,-0.07808,-0.13664,-0.13664,-0.09272,-0.05856
-0.0488,0.06588,-0.08296,-0.05856,-0.03416,-0.00732,0,-0.04392,-0.14152,-0.13664,-0.10248,-0.0732
-0.05368,0.07076,-0.08784,-0.061,-0.03416,-0.00976,0.00976,-0.0488,-0.14152,-0.14152,-0.10736,-0.07808
-0.0488,0.06588,-0.08296,-0.05856,-0.03416,-0.00732,0.00976,-0.05368,-0.13664,-0.14152,-0.10248,-0.07808
-0.04392,0.06344,-0.08296,-0.061,-0.03904,-0.00244,0.00488,-0.04392,-0.13176,-0.14152,-0.10736,-0.07808
-0.04392,0.06588,-0.08784,-0.06588,-0.04392,0,0.00488,-0.01464,-0.13176,-0.13664,-0.10736,-0.08296
-0.04392,0.06588,-0.08784,-0.06588,-0.04392,0,0.00488,-0.01464,-0.12688,-0.13176,-0.10736,-0.08296
-0.0488,0.06344,-0.07808,-0.05368,-0.02928,-0.00976,0.01464,-0.01464,-0.122,-0.12688,-0.10248,-0.07808
-0.0488,0.06344,-0.07808,-0.05368,-0.02928,-0.00976,0.01952,-0.00976,-0.122,-0.12688,-0.10248,-0.07808
-0.04392,0.06588,-0.08784,-0.06588,-0.04392,0,0.0244,0,-0.11712,-0.122,-0.10248,-0.0732
-0.04392,0.06344,-0.08296,-0.061,-0.03904,-0.00244,0.0244,0,-0.11224,-0.122,-0.0976,-0.0732
-0.03416,0.05124,-0.06832,-0.05124,-0.03416,0,0.01464,0.00488,-0.0976,-0.122,-0.09272,-0.0732
-0.03416,0.05124,-0.06832,-0.05124,-0.03416,0,0.01952,0.00488,-0.09272,-0.122,-0.09272,-0.0732
-0.03904,0.05124,-0.06344,-0.04392,-0.0244,-0.00732,0.01952,0.00976,-0.09272,-0.13176,-0.09272,-0.06344
-0.03904,0.05124,-0.06344,-0.04392,-0.0244,-0.00732,0.0244,0.0244,-0.09272,-0.13664,-0.08784,-0.05856
-0.03904,0.0488,-0.05856,-0.03904,-0.01952,-0.00976,0.0244,0.0244,-0.08784,-0.12688,-0.08784,-0.05856
-0.03904,0.04636,-0.05368,-0.03416,-0.01464,-0.0122,0.0244,0.02928,-0.07808,-0.12688,-0.08296,-0.05856
-0.03904,0.04148,-0.04392,-0.0244,-0.00488,-0.01708,0.0244,0.03904,-0.0732,-0.11224,-0.08296,-0.05368
-0.03416,0.0366,-0.03904,-0.02196,-0.00488,-0.01464,0.0244,0.04392,-0.06344,-0.10248,-0.07808,-0.05368
-0.03416,0.0366,-0.03904,-0.02196,-0.00488,-0.01464,0.02928,0.05368,-0.06832,-0.11224,-0.07808,-0.05368
-0.03416,0.03172,-0.02928,-0.0122,0.00488,-0.01952,0.02928,0.06344,-0.06832,-0.10248,-0.0732,-0.05368
-0.03416,0.03172,-0.02928,-0.0122,0.00488,-0.01952,0.02928,0.06344,-0.04392,-0.09272,-0.06832,-0.05368
-0.02928,0.02684,-0.0244,-0.00976,0.00488,-0.01708,0.03904,0.07808,-0.03416,-0.08784,-0.06344,-0.04392
-0.01952,0.01952,-0.01952,-0.00976,0,-0.00976,0.0488,0.07808,-0.03904,-0.07808,-0.06344,-0.04392
-0.01952,0.01952,-0.01952,-0.00976,0,-0.00976,0.05368,0.08296,-0.02928,-0.0732,-0.05856,-0.03416
-0.0244,0.01708,-0.00976,0.00244,0.01464,-0.01952,0.05856,0.10736,-0.01952,-0.06344,-0.0488,-0.03416
-0.01952,0.00976,0,0.00976,0.01952,-0.01952,0.06344,0.11712,-0.00976,-0.06344,-0.04392,-0.0244
-0.01952,0.01464,-0.00976,0,0.00976,-0.01464,0.06832,0.122,0.00976,-0.0488,-0.03904,-0.01464
-0.01952,0.00732,0.00488,0.01464,0.0244,-0.02196,0.0732,0.13664,0.01952,-0.03904,-0.03904,-0.00488
0,-0.00488,0.00976,0.00976,0.00976,-0.00488,0.07808,0.16592,0.03416,-0.02928,-0.03416,-0.00488
0,-0.00976,0.01952,0.01952,0.01952,-0.00976,0.08296,0.18056,0.0488,-0.01952,-0.0244,0.00488
0.00488,-0.01464,0.0244,0.02196,0.01952,-0.00732,0.07808,0.20008,0.06344,0,-0.00976,0.01952
0.00976,-0.01952,0.02928,0.0244,0.01952,-0.00488,0.08784,0.2196,0.08296,0.00976,-0.00488,0.02928
0.00488,-0.02684,0.0488,0.04636,0.04392,-0.01952,0.0976,0.244,0.09272,0.00976,0,0.02928
0.01464,-0.03904,0.06344,0.05612,0.0488,-0.01708,0.0976,0.26352,0.10736,0.0244,0.00488,0.03416
0.01464,-0.0366,0.05856,0.05124,0.04392,-0.01464,0.11224,0.28792,0.13176,0.03416,0.01464,0.03904
0.01952,-0.04636,0.0732,0.06344,0.05368,-0.01708,0.11712,0.3172,0.1464,0.04392,0.0244,0.0488
0.02928,-0.05856,0.08784,0.0732,0.05856,-0.01464,0.122,0.33672,0.1708,0.06832,0.03904,0.05856
0.02928,-0.06832,0.10736,0.09272,0.07808,-0.0244,0.12688,0.36112,0.1952,0.08784,0.0488,0.06832
0.04392,-0.08052,0.11712,0.09516,0.0732,-0.01464,0.13176,0.38064,0.20984,0.09272,0.06344,0.07808
0.0488,-0.08784,0.12688,0.10248,0.07808,-0.01464,0.13176,0.40016,0.23424,0.11224,0.0732,0.08784
0.05368,-0.09516,0.13664,0.1098,0.08296,-0.01464,0.13664,0.4148,0.244,0.122,0.08296,0.09272
0.05856,-0.10492,0.15128,0.122,0.09272,-0.01708,0.13664,0.42456,0.25864,0.13176,0.09272,0.10248
0.05856,-0.10736,0.15616,0.12688,0.0976,-0.01952,0.14152,0.4392,0.27816,0.14152,0.10248,0.10736
0.06344,-0.11468,0.16592,0.1342,0.10248,-0.01952,0.14152,0.44896,0.28792,0.1464,0.10736,0.11712
0.0732,-0.12444,0.17568,0.13908,0.10248,-0.01464,0.14152,0.45384,0.27816,0.15128,0.10736,0.12688
0.07808,-0.13176,0.18544,0.1464,0.10736,-0.01464,0.14152,0.45872,0.2928,0.15616,0.11224,0.13176
0.0732,-0.12932,0.18544,0.14884,0.11224,-0.01952,0.14152,0.45872,0.29768,0.15616,0.12688,0.13176
0.0732,-0.1342,0.1952,0.1586,0.122,-0.0244,0.13664,0.45872,0.30256,0.16104,0.13176,0.13176
0.0732,-0.13664,0.20008,0.16348,0.12688,-0.02684,0.13664,0.44896,0.30256,0.1708,0.13176,0.1464
0.0732,-0.13908,0.20496,0.16836,0.13176,-0.02928,0.13176,0.4392,0.30256,0.1708,0.13176,0.15128
0.08784,-0.1464,0.20496,0.16104,0.11712,-0.01464,0.122,0.42944,0.30256,0.1708,0.13664,0.14152
0.08296,-0.14396,0.20496,0.16348,0.122,-0.01952,0.11712,0.40016,0.27816,0.16104,0.12688,0.13664
0.08296,-0.13908,0.1952,0.15372,0.11224,-0.01464,0.09272,0.36112,0.24888,0.15128,0.122,0.13664
0.06832,-0.12688,0.18544,0.15128,0.11712,-0.0244,0.08296,0.32208,0.22448,0.12688,0.10736,0.12688
0.05856,-0.11712,0.17568,0.1464,0.11712,-0.02928,0.07808,0.28304,0.19032,0.10736,0.09272,0.10736
0.0488,-0.10248,0.15616,0.13176,0.10736,-0.02928,0.06344,0.23424,0.15616,0.08296,0.0732,0.08784
0.0244,-0.08052,0.13664,0.12444,0.11224,-0.04392,0.05368,0.1952,0.11712,0.06344,0.05856,0.0732
0.01952,-0.06832,0.11712,0.10736,0.0976,-0.03904,0.04392,0.15616,0.0976,0.03904,0.03416,0.05856
0.01464,-0.05612,0.0976,0.09028,0.08296,-0.03416,0.02928,0.12688,0.06344,0.00488,0.01952,0.03904
0.00976,-0.04636,0.08296,0.07808,0.0732,-0.03172,0.0244,0.09272,0.02928,-0.01464,0,0.02928
-0.00976,-0.02684,0.06344,0.06832,0.0732,-0.04148,0.00976,0.06344,0.00488,-0.03416,-0.01464,0.00976
-0.01464,-0.0122,0.03904,0.04636,0.05368,-0.03416,0,0.03904,-0.01952,-0.05856,-0.01952,0
-0.01464,-0.00732,0.02928,0.0366,0.04392,-0.02928,0,0.01952,-0.03416,-0.0732,-0.04392,-0.00488
-0.01464,-0.00244,0.01952,0.02684,0.03416,-0.0244,-0.00976,0,-0.06344,-0.07808,-0.05368,-0.01464
-0.01952,0.00488,0.00976,0.01952,0.02928,-0.0244,-0.0244,-0.00976,-0.0732,-0.09272,-0.06344,-0.02928
-0.0244,0.0122,0,0.0122,0.0244,-0.0244,-0.02928,-0.0244,-0.08296,-0.0976,-0.07808,-0.03904
-0.03904,0.02196,-0.00488,0.01464,0.03416,-0.0366,-0.01952,-0.03416,-0.0976,-0.0976,-0.08296,-0.03416
-0.03904,0.0244,-0.00976,0.00976,0.02928,-0.03416,-0.01952,-0.03416,-0.10736,-0.10248,-0.07808,-0.03416
-0.04392,0.02684,-0.00976,0.0122,0.03416,-0.03904,-0.0244,-0.03416,-0.10248,-0.10248,-0.08296,-0.04392
-0.04392,0.02928,-0.01464,0.00732,0.02928,-0.0366,-0.0244,-0.04392,-0.0976,-0.10736,-0.08296,-0.0488
-0.04392,0.03172,-0.01952,0.00244,0.0244,-0.03416,-0.03416,-0.04392,-0.11224,-0.10736,-0.08784,-0.0488
-0.0488,0.03416,-0.01952,0.00488,0.02928,-0.03904,-0.03416,-0.04392,-0.11224,-0.10736,-0.08784,-0.0488
-0.0488,0.03416,-0.01952,0.00488,0.02928,-0.03904,-0.04392,-0.04392,-0.10736,-0.10736,-0.08296,-0.0488
-0.0488,0.03416,-0.01952,0.00488,0.02928,-0.03904,-0.04392,-0.04392,-0.10736,-0.10736,-0.08296,-0.0488
-0.03904,0.02928,-0.01952,0,0.01952,-0.02928,-0.04392,-0.05368,-0.10736,-0.11712,-0.07808,-0.0488
-0.03904,0.02684,-0.01464,0.00488,0.0244,-0.03172,-0.04392,-0.05368,-0.10736,-0.11712,-0.08296,-0.0488
-0.03904,0.02684,-0.01464,0.00488,0.0244,-0.03172,-0.04392,-0.04392,-0.10248,-0.10736,-0.08296,-0.04392
-0.03904,0.02684,-0.01464,0.00488,0.0244,-0.03172,-0.04392,-0.04392,-0.10248,-0.10736,-0.08296,-0.03904
-0.0488,0.02928,-0.00976,0.01464,0.03904,-0.04392,-0.0488,-0.04392,-0.10248,-0.10736,-0.07808,-0.03904
-0.0488,0.02928,-0.00976,0.01464,0.03904,-0.04392,-0.0488,-0.04392,-0.0976,-0.10248,-0.0732,-0.03904
-0.0488,0.02196,0.00488,0.02928,0.05368,-0.05124,-0.0488,-0.05368,-0.10736,-0.10248,-0.0732,-0.03904
-0.04392,0.01952,0.00488,0.02684,0.0488,-0.04636,-0.0488,-0.05856,-0.10736,-0.10248,-0.0732,-0.03416
-0.04392,0.0244,-0.00488,0.01708,0.03904,-0.04148,-0.0488,-0.0488,-0.0976,-0.10248,-0.0732,-0.03416
-0.04392,0.0244,-0.00488,0.01708,0.03904,-0.04148,-0.05368,-0.0488,-0.0976,-0.0976,-0.0732,-0.03416
-0.04392,0.02196,0,0.02196,0.04392,-0.04392,-0.05368,-0.0488,-0.10736,-0.0976,-0.06832,-0.03416
-0.03904,0.01952,0,0.01952,0.03904,-0.03904,-0.05368,-0.05368,-0.11224,-0.0976,-0.06832,-0.03416
-0.03416,0.01464,0.00488,0.02196,0.03904,-0.0366,-0.05368,-0.06344,-0.11224,-0.10736,-0.06832,-0.02928
-0.02928,0.0122,0.00488,0.01952,0.03416,-0.03172,-0.05368,-0.06832,-0.11712,-0.10736,-0.06832,-0.02928
-0.03904,0.02196,-0.00488,0.01464,0.03416,-0.0366,-0.05856,-0.05856,-0.11712,-0.10736,-0.0732,-0.03416
-0.03904,0.02196,-0.00488,0.01464,0.03416,-0.0366,-0.05856,-0.05856,-0.11712,-0.10736,-0.06832,-0.03416
-0.03416,0.02196,-0.00976,0.00732,0.0244,-0.02928,-0.05856,-0.06344,-0.122,-0.10248,-0.06832,-0.03904
-0.03416,0.02196,-0.00976,0.00732,0.0244,-0.02928,-0.05856,-0.06344,-0.122,-0.10248,-0.06832,-0.03904
-0.04392,0.02684,-0.00976,0.0122,0.03416,-0.03904,-0.05856,-0.06832,-0.12688,-0.10248,-0.06832,-0.03904
-0.04392,0.02684,-0.00976,0.0122,0.03416,-0.03904,-0.05856,-0.06832,-0.12688,-0.10248,-0.0732,-0.03904
-0.04392,0.02684,-0.00976,0.0122,0.03416,-0.03904,-0.0488,-0.06832,-0.13176,-0.10248,-0.0732,-0.03904
-0.04392,0.02928,-0.01464,0.00732,0.02928,-0.0366,-0.05368,-0.0732,-0.13176,-0.10736,-0.07808,-0.03904
-0.04392,0.03416,-0.0244,-0.00244,0.01952,-0.03172,-0.0488,-0.07808,-0.13664,-0.11224,-0.07808,-0.03904
-0.04392,0.0366,-0.02928,-0.00732,0.01464,-0.02928,-0.0488,-0.07808,-0.13664,-0.11224,-0.07808,-0.03904
-0.04392,0.03172,-0.01952,0.00244,0.0244,-0.03416,-0.06344,-0.08784,-0.14152,-0.11712,-0.08296,-0.03416
-0.0488,0.0366,-0.0244,0,0.0244,-0.0366,-0.06344,-0.08784,-0.14152,-0.11224,-0.08296,-0.03416
-0.0488,0.03904,-0.02928,-0.00488,0.01952,-0.03416,-0.06344,-0.08784,-0.1464,-0.122,-0.08296,-0.04392
-0.0488,0.03904,-0.02928,-0.00488,0.01952,-0.03416,-0.06344,-0.09272,-0.1464,-0.12688,-0.08296,-0.0488
-0.0488,0.03904,-0.02928,-0.00488,0.01952,-0.03416,-0.06344,-0.08784,-0.1464,-0.12688,-0.08296,-0.03904
-0.0488,0.04148,-0.03416,-0.00976,0.01464,-0.03172,-0.06344,-0.09272,-0.15128,-0.122,-0.08784,-0.03904
-0.0488,0.04148,-0.03416,-0.00976,0.01464,-0.03172,-0.06344,-0.09272,-0.14152,-0.11712,-0.08784,-0.04392
-0.0488,0.04148,-0.03416,-0.00976,0.01464,-0.03172,-0.06344,-0.09272,-0.13664,-0.11712,-0.08784,-0.04392
-0.03904,0.03904,-0.03904,-0.01952,0,-0.01952,-0.06344,-0.09272,-0.15128,-0.11712,-0.08296,-0.04392
-0.0488,0.03904,-0.02928,-0.00488,0.01952,-0.03416,-0.06832,-0.0976,-0.1464,-0.11712,-0.08784,-0.0488
-0.0488,0.04392,-0.03904,-0.01464,0.00976,-0.02928,-0.06832,-0.0976,-0.15616,-0.12688,-0.08784,-0.0488
-0.0488,0.04392,-0.03904,-0.01464,0.00976,-0.02928,-0.06832,-0.0976,-0.15616,-0.12688,-0.08784,-0.0488
-0.05856,0.05124,-0.04392,-0.01464,0.01464,-0.0366,-0.06344,-0.10736,-0.15616,-0.12688,-0.08784,-0.0488
-0.06344,0.05124,-0.03904,-0.00732,0.0244,-0.04392,-0.06344,-0.10736,-0.15616,-0.122,-0.08784,-0.0488
-0.05368,0.04148,-0.02928,-0.00244,0.0244,-0.03904,-0.06832,-0.10248,-0.15128,-0.13176,-0.09272,-0.04392
-0.0488,0.03172,-0.01464,0.00976,0.03416,-0.04148,-0.06832,-0.0976,-0.13664,-0.122,-0.07808,-0.03416
-0.0488,0.02196,0.00488,0.02928,0.05368,-0.05124,-0.05368,-0.09272,-0.12688,-0.11224,-0.07808,-0.0244
-0.0488,0.01464,0.01952,0.04392,0.06832,-0.05856,-0.04392,-0.09272,-0.12688,-0.10736,-0.06832,-0.0244
-0.0488,0.01952,0.00976,0.03416,0.05856,-0.05368,-0.04392,-0.08296,-0.122,-0.10736,-0.06832,-0.02928
-0.04392,0.01464,0.01464,0.0366,0.05856,-0.05124,-0.03416,-0.08296,-0.122,-0.10736,-0.06832,-0.02928
-0.05368,0.02196,0.00976,0.0366,0.06344,-0.05856,-0.0244,-0.07808,-0.13176,-0.10736,-0.07808,-0.03904
-0.05368,0.00976,0.03416,0.061,0.08784,-0.07076,-0.0244,-0.0732,-0.11712,-0.09272,-0.06832,-0.02928
-0.03904,-0.01708,0.0732,0.09272,0.11224,-0.07564,-0.02928,-0.0732,-0.0976,-0.0732,-0.0488,0
-0.0244,-0.04148,0.10736,0.11956,0.13176,-0.07808,-0.0488,-0.08296,-0.08296,-0.05368,-0.02928,0.01952
-0.01464,-0.05368,0.122,0.12932,0.13664,-0.07564,-0.07808,-0.09272,-0.0732,-0.0488,-0.01464,0.0244
-0.01952,-0.04392,0.10736,0.11712,0.12688,-0.0732,-0.11224,-0.12688,-0.0976,-0.05856,-0.0244,0.01464
-0.0244,-0.0366,0.0976,0.1098,0.122,-0.0732,-0.122,-0.15128,-0.12688,-0.0732,-0.03904,0.01464
-0.0244,-0.0366,0.0976,0.1098,0.122,-0.0732,-0.11712,-0.15616,-0.13176,-0.0732,-0.03904,0.01464
-0.0244,-0.04148,0.10736,0.11956,0.13176,-0.07808,-0.10736,-0.1464,-0.11712,-0.06832,-0.03416,0.01464
-0.02928,-0.02928,0.08784,0.10248,0.11712,-0.0732,-0.10248,-0.13664,-0.11712,-0.06832,-0.03416,0.01952
-0.02928,-0.01952,0.06832,0.08296,0.0976,-0.06344,-0.09272,-0.12688,-0.12688,-0.08784,-0.03904,0.00976
-0.03904,0.00732,0.0244,0.04392,0.06344,-0.05124,-0.08784,-0.122,-0.1464,-0.10248,-0.06344,-0.01464
-0.05856,0.03904,-0.01952,0.00976,0.03904,-0.0488,-0.0732,-0.122,-0.16104,-0.11224,-0.09272,-0.03904
-0.05856,0.04636,-0.03416,-0.00488,0.0244,-0.04148,-0.0732,-0.122,-0.16592,-0.12688,-0.10736,-0.0488
-0.05856,0.05124,-0.04392,-0.01464,0.01464,-0.0366,-0.08296,-0.12688,-0.17568,-0.14152,-0.11224,-0.06344
-0.06344,0.05856,-0.05368,-0.02196,0.00976,-0.0366,-0.08296,-0.12688,-0.18544,-0.15128,-0.122,-0.0732
-0.06344,0.07076,-0.07808,-0.04636,-0.01464,-0.0244,-0.0732,-0.12688,-0.1952,-0.15616,-0.122,-0.07808
-0.06344,0.07076,-0.07808,-0.04636,-0.01464,-0.0244,-0.0732,-0.12688,-0.19032,-0.16104,-0.11712,-0.07808
-0.06344,0.0732,-0.08296,-0.05124,-0.01952,-0.02196,-0.08296,-0.12688,-0.20496,-0.16104,-0.12688,-0.07808
-0.06832,0.07564,-0.08296,-0.0488,-0.01464,-0.02684,-0.08296,-0.12688,-0.20496,-0.15616,-0.12688,-0.07808
-0.06832,0.07808,-0.08784,-0.05368,-0.01952,-0.0244,-0.0732,-0.12688,-0.20008,-0.16104,-0.13176,-0.08296
-0.06832,0.07808,-0.08784,-0.05368,-0.01952,-0.0244,-0.0732,-0.122,-0.20008,-0.16104,-0.13176,-0.08296
-0.0732,0.08296,-0.09272,-0.05612,-0.01952,-0.02684,-0.0732,-0.122,-0.1952,-0.16104,-0.13176,-0.08296
-0.0732,0.08296,-0.09272,-0.05612,-0.01952,-0.02684,-0.0732,-0.122,-0.1952,-0.16104,-0.13176,-0.08296
-0.0732,0.08052,-0.08784,-0.05124,-0.01464,-0.02928,-0.0732,-0.11224,-0.20496,-0.16592,-0.13176,-0.08784
-0.0732,0.08052,-0.08784,-0.05124,-0.01464,-0.02928,-0.0732,-0.11224,-0.20496,-0.1708,-0.13176,-0.08784
-0.0732,0.0854,-0.0976,-0.061,-0.0244,-0.0244,-0.06832,-0.11224,-0.20008,-0.1708,-0.12688,-0.08784
-0.0732,0.08296,-0.09272,-0.05612,-0.01952,-0.02684,-0.06832,-0.11224,-0.20008,-0.1708,-0.12688,-0.08784
-0.06344,0.08052,-0.0976,-0.06588,-0.03416,-0.01464,-0.06832,-0.11224,-0.20008,-0.17568,-0.12688,-0.08784
-0.06344,0.08052,-0.0976,-0.06588,-0.03416,-0.01464,-0.06832,-0.11224,-0.20008,-0.1708,-0.12688,-0.09272
-0.06344,0.08052,-0.0976,-0.06588,-0.03416,-0.01464,-0.06344,-0.11712,-0.20008,-0.1708,-0.13664,-0.09272
-0.06344,0.08052,-0.0976,-0.06588,-0.03416,-0.01464,-0.06344,-0.11712,-0.1952,-0.1708,-0.13664,-0.09272
-0.06344,0.08052,-0.0976,-0.06588,-0.03416,-0.01464,-0.05856,-0.11224,-0.20496,-0.16104,-0.12688,-0.08296
-0.06344,0.0854,-0.10736,-0.07564,-0.04392,-0.00976,-0.04392,-0.08784,-0.1952,-0.18056,-0.1464,-0.09272
-0.08296,0.12932,-0.17568,-0.1342,-0.09272,0.00488,0.0244,-0.0244,-0.23912,-0.244,-0.2196,-0.16592
-0.12688,0.19032,-0.25376,-0.19032,-0.12688,0,0.18544,0.13176,-0.23912,-0.32696,-0.2928,-0.244
-0.13664,0.18056,-0.22448,-0.15616,-0.08784,-0.0244,0.19032,0.15128,-0.19032,-0.29768,-0.27816,-0.21472
-0.09272,0.07564,-0.05856,-0.0122,0.03416,-0.06344,0.13664,0.13176,-0.05856,-0.16592,-0.14152,-0.09272
0.06344,-0.15128,0.23912,0.2074,0.17568,-0.05612,-0.07808,0.05368,0.2196,0.13176,0.11712,0.13664
0.30256,-0.46116,0.61976,0.46848,0.3172,-0.00732,-0.54168,-0.19032,0.49288,0.55632,0.47824,0.4636
0.47824,-0.7076,0.93696,0.69784,0.45872,0.00976,-1.06872,-0.86864,0.58072,0.94184,0.83448,0.79056
0.60512,-0.8906,1.17608,0.87352,0.57096,0.01708,-1.33712,-1.02968,0.81008,1.32248,1.13216,1.05896
0.70272,-1.0126,1.32248,0.97112,0.61976,0.04148,-1.48352,-1.16632,1.07848,1.65432,1.36152,1.2444
0.66856,-0.93452,1.20048,0.8662,0.53192,0.06832,-1.35664,-1.12728,1.14192,1.63968,1.2932,1.15168
0.4392,-0.60268,0.76616,0.54656,0.32696,0.05612,-1.05408,-1.09312,0.49288,1.0248,0.83936,0.77592
0.07808,-0.15128,0.22448,0.18544,0.1464,-0.03416,-0.6588,-1.05408,-0.57096,0.03904,0.18056,0.25376
-0.08784,0.0122,0.06344,0.10736,0.15128,-0.11956,-0.4148,-0.88816,-0.53192,-0.17568,-0.04392,0.03904
-0.10736,0.04148,0.0244,0.07808,0.13176,-0.11956,-0.28304,-0.67344,-0.45872,-0.19032,-0.08296,-0.01464
-0.05368,0,0.05368,0.08052,0.10736,-0.08052,-0.28792,-0.45872,-0.32696,-0.13664,-0.06344,0
-0.06344,0.02928,0.00488,0.0366,0.06832,-0.06588,-0.1464,-0.22936,-0.21472,-0.11712,-0.06832,-0.02928
-0.06344,0.03172,0,0.03172,0.06344,-0.06344,-0.0732,-0.16104,-0.17568,-0.11712,-0.08296,-0.03416
-0.05368,0.03172,-0.00976,0.01708,0.04392,-0.0488,-0.05368,-0.15128,-0.16104,-0.10736,-0.09272,-0.04392
-0.0488,0.03904,-0.02928,-0.00488,0.01952,-0.03416,-0.03904,-0.0976,-0.15616,-0.11712,-0.10248,-0.05856
-0.0488,0.05124,-0.05368,-0.02928,-0.00488,-0.02196,-0.01952,-0.04392,-0.15128,-0.13664,-0.11224,-0.06344
-0.05368,0.05612,-0.05856,-0.03172,-0.00488,-0.0244,-0.00976,-0.0488,-0.15128,-0.14152,-0.11712,-0.06832
-0.05856,0.05612,-0.05368,-0.0244,0.00488,-0.03172,0,-0.06344,-0.1464,-0.14152,-0.122,-0.07808
-0.05368,0.05368,-0.05368,-0.02684,0,-0.02684,-0.00488,-0.05368,-0.14152,-0.14152,-0.12688,-0.07808
-0.05368,0.05124,-0.0488,-0.02196,0.00488,-0.02928,-0.00488,-0.02928,-0.14152,-0.1464,-0.11712,-0.0732
-0.05368,0.05124,-0.0488,-0.02196,0.00488,-0.02928,-0.00488,-0.01952,-0.13664,-0.14152,-0.11712,-0.0732
-0.0488,0.0488,-0.0488,-0.0244,0,-0.0244,-0.01464,-0.0244,-0.13176,-0.12688,-0.122,-0.06832
-0.0488,0.0488,-0.0488,-0.0244,0,-0.0244,-0.00976,-0.01952,-0.13176,-0.12688,-0.122,-0.06832
-0.04392,0.04636,-0.0488,-0.02684,-0.00488,-0.01952,-0.00488,-0.00976,-0.12688,-0.122,-0.11224,-0.06344
-0.04392,0.04392,-0.04392,-0.02196,0,-0.02196,-0.00488,-0.00976,-0.122,-0.122,-0.10736,-0.06344
-0.05368,0.04636,-0.03904,-0.0122,0.01464,-0.03416,0.00488,-0.00488,-0.12688,-0.13176,-0.11224,-0.06344
-0.05368,0.04636,-0.03904,-0.0122,0.01464,-0.03416,0.00976,-0.00488,-0.122,-0.13176,-0.11224,-0.06344
-0.03904,0.03172,-0.0244,-0.00488,0.01464,-0.02684,0,0,-0.10248,-0.13176,-0.11224,-0.06344
-0.03904,0.03172,-0.0244,-0.00488,0.01464,-0.02684,0.00488,0.01464,-0.10248,-0.13664,-0.10736,-0.05856
-0.03904,0.03416,-0.02928,-0.00976,0.00976,-0.0244,0.01464,0.0244,-0.10736,-0.13664,-0.10736,-0.05856
-0.03904,0.03172,-0.0244,-0.00488,0.01464,-0.02684,0.01464,0.02928,-0.0976,-0.13664,-0.10248,-0.05856
-0.03904,0.03172,-0.0244,-0.00488,0.01464,-0.02684,0.00488,0.02928,-0.09272,-0.13176,-0.10248,-0.05368
-0.03416,0.02684,-0.01952,-0.00244,0.01464,-0.0244,0.00488,0.03416,-0.08296,-0.122,-0.0976,-0.05368
-0.03416,0.02684,-0.01952,-0.00244,0.01464,-0.0244,0.00976,0.03416,-0.07808,-0.122,-0.0976,-0.05368
-0.03416,0.02196,-0.00976,0.00732,0.0244,-0.02928,0.00976,0.04392,-0.07808,-0.11224,-0.09272,-0.05368
-0.04392,0.02684,-0.00976,0.0122,0.03416,-0.03904,0.01952,0.05368,-0.06344,-0.09272,-0.08784,-0.04392
-0.03904,0.02196,-0.00488,0.01464,0.03416,-0.0366,0.02928,0.06832,-0.05368,-0.08784,-0.08296,-0.03416
-0.02928,0.01464,0,0.01464,0.02928,-0.02928,0.01952,0.07808,-0.05856,-0.08784,-0.08296,-0.04392
-0.02928,0.01464,0,0.01464,0.02928,-0.02928,0.0244,0.08296,-0.0488,-0.08296,-0.07808,-0.03416
-0.0244,0.00732,0.00976,0.02196,0.03416,-0.02928,0.02928,0.0976,-0.02928,-0.0732,-0.06832,-0.03416
-0.01952,0,0.01952,0.02928,0.03904,-0.02928,0.03416,0.10736,-0.01952,-0.0732,-0.06344,-0.0244
-0.01952,0,0.01952,0.02928,0.03904,-0.02928,0.03904,0.122,-0.00976,-0.06832,-0.05856,-0.0244
-0.01952,-0.00732,0.03416,0.04392,0.05368,-0.0366,0.04392,0.13664,0,-0.05856,-0.05856,-0.01464
-0.00976,-0.01464,0.03904,0.04392,0.0488,-0.02928,0.03904,0.1464,0.00488,-0.0488,-0.06344,-0.01464
-0.00976,-0.01952,0.0488,0.05368,0.05856,-0.03416,0.04392,0.16104,0.01952,-0.03904,-0.05368,-0.00488
-0.00488,-0.0244,0.05368,0.05612,0.05856,-0.03172,0.05856,0.19032,0.04392,-0.01952,-0.03904,0.00976
0,-0.02928,0.05856,0.05856,0.05856,-0.02928,0.06832,0.20984,0.06344,-0.00976,-0.03416,0.01952
0.00488,-0.04148,0.07808,0.07564,0.0732,-0.03416,0.06832,0.23424,0.0732,0,-0.02928,0.00976
0.01464,-0.05368,0.09272,0.0854,0.07808,-0.03172,0.06832,0.25376,0.08784,0.01464,-0.0244,0.01464
0.01464,-0.05612,0.0976,0.09028,0.08296,-0.03416,0.09272,0.27816,0.122,0.03416,-0.01464,0.03904
0.01952,-0.06588,0.11224,0.10248,0.09272,-0.0366,0.0976,0.30744,0.13664,0.04392,-0.00488,0.0488
0.02928,-0.07564,0.122,0.10736,0.09272,-0.03172,0.10248,0.33672,0.16104,0.05856,0.00976,0.05856
0.02928,-0.08052,0.13176,0.11712,0.10248,-0.0366,0.10736,0.36112,0.18544,0.07808,0.01952,0.06832
0.03416,-0.08296,0.13176,0.11468,0.0976,-0.03172,0.11224,0.37088,0.19032,0.0732,0.03416,0.06832
0.03904,-0.09516,0.15128,0.13176,0.11224,-0.0366,0.11224,0.3904,0.21472,0.09272,0.04392,0.07808
0.04392,-0.10492,0.16592,0.14396,0.122,-0.03904,0.11712,0.4148,0.23424,0.10248,0.04392,0.09272
0.0488,-0.11468,0.18056,0.15616,0.13176,-0.04148,0.11712,0.42456,0.24888,0.11224,0.05368,0.10248
0.05856,-0.11712,0.17568,0.1464,0.11712,-0.02928,0.11224,0.42944,0.25864,0.11224,0.0732,0.10736
0.06344,-0.12444,0.18544,0.15372,0.122,-0.02928,0.11224,0.4392,0.2684,0.11712,0.07808,0.11712
0.06344,-0.12932,0.1952,0.16348,0.13176,-0.03416,0.122,0.45384,0.25864,0.13176,0.08784,0.11712
0.06832,-0.13664,0.20496,0.1708,0.13664,-0.03416,0.122,0.45872,0.27328,0.13664,0.09272,0.122
0.0732,-0.14396,0.21472,0.17812,0.14152,-0.03416,0.11224,0.45872,0.27816,0.1464,0.0976,0.122
