i,aVR,ii,aVF,iii,aVL,V1,V2,V3,V4,V5,V6
-0.23912,0.1342,-0.02928,0.09028,0.20984,-0.22448,0.05368,0.02928,0.08296,0.11712,0.0976,-0.27328
-0.21472,0.1098,-0.00488,0.10248,0.20984,-0.21228,0.06344,0.05856,0.0976,0.14152,0.11224,-0.28304
-0.20008,0.0854,0.02928,0.12932,0.22936,-0.21472,0.05856,0.06344,0.11712,0.13664,0.11224,-0.27816
-0.1952,0.07808,0.03904,0.13664,0.23424,-0.21472,0.06832,0.09272,0.12688,0.13664,0.10248,-0.2684
-0.1952,0.0732,0.0488,0.1464,0.244,-0.2196,0.0976,0.09272,0.14152,0.15128,0.122,-0.244
-0.17568,0.05856,0.05856,0.1464,0.23424,-0.20496,0.10736,0.10736,0.15128,0.16104,0.11712,-0.244
-0.16104,0.04392,0.0732,0.15372,0.23424,-0.19764,0.122,0.11712,0.18056,0.1708,0.12688,-0.244
-0.14152,0.01708,0.10736,0.17812,0.24888,-0.1952,0.1464,0.11712,0.18544,0.1708,0.13176,-0.23424
-0.11712,0.00976,0.0976,0.15616,0.21472,-0.16592,0.15616,0.11712,0.18056,0.15616,0.13176,-0.23424
-0.10248,0.00244,0.0976,0.14884,0.20008,-0.15128,0.15616,0.13176,0.17568,0.16592,0.14152,-0.23424
-0.0976,-0.0244,0.1464,0.1952,0.244,-0.1708,0.15616,0.12688,0.18544,0.20496,0.16592,-0.21472
-0.10736,-0.01464,0.13664,0.19032,0.244,-0.17568,0.1464,0.11712,0.18544,0.1952,0.15616,-0.22448
-0.10736,-0.01464,0.13664,0.19032,0.244,-0.17568,0.1464,0.10736,0.18544,0.1952,0.15616,-0.22448
-0.07808,-0.0244,0.12688,0.16592,0.20496,-0.14152,0.13176,0.0976,0.18056,0.17568,0.14152,-0.23912
-0.0976,-0.00976,0.11712,0.16592,0.21472,-0.15616,0.12688,0.09272,0.1708,0.1464,0.12688,-0.23912
-0.11224,0.00244,0.10736,0.16348,0.2196,-0.16592,0.122,0.08296,0.17568,0.15616,0.13664,-0.23424
-0.11224,0,0.11224,0.16836,0.22448,-0.16836,0.122,0.06832,0.17568,0.16592,0.13664,-0.23424
-0.10248,0,0.10248,0.15372,0.20496,-0.15372,0.10736,0.06344,0.16592,0.15616,0.13664,-0.23424
-0.12688,0.01708,0.09272,0.15616,0.2196,-0.17324,0.08784,0.06832,0.15616,0.15128,0.12688,-0.24888
-0.122,0.0244,0.0732,0.1342,0.1952,-0.1586,0.07808,0.05856,0.14152,0.13176,0.11712,-0.25864
-0.11712,0.02196,0.0732,0.13176,0.19032,-0.15372,0.0732,0.04392,0.13664,0.12688,0.11224,-0.25376
-0.11224,0.02684,0.05856,0.11468,0.1708,-0.14152,0.09272,0.03904,0.12688,0.12688,0.10736,-0.25864
-0.1464,0.0488,0.0488,0.122,0.1952,-0.1708,0.11712,0.03904,0.122,0.12688,0.10736,-0.24888
-0.14152,0.0488,0.04392,0.11468,0.18544,-0.16348,0.13176,0.03416,0.11224,0.122,0.10736,-0.244
-0.15128,0.061,0.02928,0.10492,0.18056,-0.16592,0.14152,0.03416,0.09272,0.10248,0.10248,-0.25376
-0.18056,0.0854,0.00976,0.10004,0.19032,-0.18544,0.13664,0.02928,0.07808,0.09272,0.08784,-0.2684
-0.19032,0.09272,0.00488,0.10004,0.1952,-0.19276,0.13176,0.03416,0.07808,0.10248,0.08784,-0.24888
-0.22448,0.11956,-0.01464,0.0976,0.20984,-0.21716,0.13176,0.0244,0.05368,0.08784,0.07808,-0.27328
-0.26352,0.15616,-0.0488,0.08296,0.21472,-0.23912,0.13176,0.01464,0.03904,0.08296,0.06832,-0.27328
-0.28792,0.18056,-0.0732,0.07076,0.21472,-0.25132,0.10248,0.01952,0.02928,0.06832,0.05368,-0.29768
-0.31232,0.20984,-0.10736,0.0488,0.20496,-0.25864,0.08296,0.00976,0.01464,0.06832,0.04392,-0.29768
-0.3416,0.23668,-0.13176,0.03904,0.20984,-0.27572,0.07808,0.00488,-0.00976,0.05368,0.03416,-0.31232
-0.35136,0.25132,-0.15128,0.0244,0.20008,-0.27572,0.08296,0.00488,-0.01952,0.04392,0.0244,-0.32696
-0.38552,0.2806,-0.17568,0.01708,0.20984,-0.29768,0.0732,0,-0.04392,0.03904,0.0244,-0.33184
-0.41968,0.30988,-0.20008,0.00976,0.2196,-0.31964,0.06832,-0.01464,-0.04392,0.03904,0.01952,-0.33184
-0.42456,0.31964,-0.21472,-0.00244,0.20984,-0.3172,0.04392,-0.03904,-0.05368,0.02928,0.00976,-0.34648
-0.43432,0.3294,-0.22448,-0.00732,0.20984,-0.32208,0.02928,-0.05368,-0.0488,0.01952,0,-0.35624
-0.44896,0.3416,-0.23424,-0.00976,0.21472,-0.33184,0.01464,-0.03416,-0.0488,0.0244,0.00488,-0.35624
-0.45384,0.34648,-0.23912,-0.0122,0.21472,-0.33428,0.01464,-0.00488,-0.0488,0.01464,0,-0.36112
-0.45384,0.34404,-0.23424,-0.00732,0.2196,-0.33672,0.0244,-0.02928,-0.03416,0.01952,0.00488,-0.36112
-0.45384,0.33916,-0.22448,0.00244,0.22936,-0.3416,0.0244,-0.0244,-0.01952,0.03416,0.01464,-0.36112
-0.44408,0.32696,-0.20984,0.0122,0.23424,-0.33916,0.0244,-0.00488,-0.00976,0.03416,0.02928,-0.35136
-0.44408,0.32696,-0.20984,0.0122,0.23424,-0.33916,0.0244,0.00976,-0.00488,0.03416,0.0244,-0.3416
-0.42456,0.30988,-0.1952,0.01708,0.22936,-0.32696,0.03904,0.03904,0.00976,0.04392,0.0244,-0.33184
-0.41968,0.30256,-0.18544,0.0244,0.23424,-0.32696,0.0488,0.0488,0.00976,0.04392,0.01952,-0.33184
-0.40992,0.29768,-0.18544,0.01952,0.22448,-0.3172,0.05368,0.02928,0.01952,0.03416,0.01952,-0.33184
-0.4148,0.30256,-0.19032,0.01708,0.22448,-0.31964,0.06344,0.01952,0.01952,0.03416,0.01952,-0.32696
-0.40016,0.29036,-0.18056,0.01952,0.2196,-0.30988,0.07808,0.01464,0.02928,0.03416,0.01464,-0.33184
-0.39528,0.28304,-0.1708,0.02684,0.22448,-0.30988,0.09272,0.01952,0.02928,0.03416,0.01952,-0.33672
-0.38552,0.2806,-0.17568,0.01708,0.20984,-0.29768,0.10248,0.01464,0.03904,0.04392,0.0244,-0.33672
-0.38064,0.27084,-0.16104,0.02928,0.2196,-0.30012,0.12688,0.00976,0.0488,0.04392,0.0244,-0.35136
-0.37088,0.26596,-0.16104,0.0244,0.20984,-0.29036,0.12688,0.01952,0.0488,0.05368,0.02928,-0.32696
-0.38064,0.26108,-0.14152,0.0488,0.23912,-0.30988,0.1464,0.0244,0.06344,0.04392,0.02928,-0.33672
-0.37576,0.2684,-0.16104,0.02684,0.21472,-0.29524,0.16104,0.10736,0.0732,0.04392,0.01952,-0.3416
-0.37576,0.27328,-0.1708,0.01708,0.20496,-0.29036,0.20984,0.32696,0.10736,0.04392,-0.00976,-0.38064
-0.40016,0.26108,-0.122,0.07808,0.27816,-0.33916,0.25376,0.42456,0.16592,0.0488,-0.01464,-0.3904
-0.41968,0.24644,-0.0732,0.13664,0.34648,-0.38308,0.31232,0.3904,0.25864,0.10736,0.0244,-0.3904
-0.40992,0.22448,-0.03904,0.16592,0.37088,-0.3904,0.31232,0.23424,0.2684,0.13176,0.04392,-0.33672
-0.33184,0.13908,0.05368,0.2196,0.38552,-0.35868,0.26352,0.0976,0.25864,0.1952,0.13664,-0.24888
-0.122,0.01952,0.08296,0.14396,0.20496,-0.16348,0.14152,0.01952,0.1708,0.20984,0.18056,-0.18544
0.14152,-0.15128,0.16104,0.09028,0.01952,0.061,-0.11224,-0.22936,0.08296,0.25864,0.2928,-0.0976
0.34648,-0.33184,0.3172,0.14396,-0.02928,0.18788,-0.38064,-0.72712,-0.01952,0.36112,0.48312,0.17568
0.47824,-0.4392,0.40016,0.16104,-0.07808,0.27816,-0.69296,-1.55184,-0.25376,0.40992,0.6588,0.50752
0.49288,-0.43676,0.38064,0.1342,-0.11224,0.30256,-0.83448,-2.16184,-0.52216,0.27816,0.59536,0.6588
0.23912,-0.2196,0.20008,0.08052,-0.03904,0.13908,-0.6832,-2.15696,-0.67344,0.0732,0.38552,0.56608
-0.17568,0.07564,0.0244,0.11224,0.20008,-0.18788,-0.38552,-1.99592,-0.80032,-0.10736,0.15128,0.42944
-0.38552,0.2562,-0.12688,0.06588,0.25864,-0.32208,-0.2684,-1.50304,-0.69296,-0.20008,-0.01952,0.19032
-0.49288,0.3782,-0.26352,-0.01708,0.22936,-0.36112,-0.13664,-0.95648,-0.49776,-0.18544,-0.10736,-0.0976
-0.49776,0.37332,-0.24888,0,0.24888,-0.37332,-0.0976,-0.55632,-0.33672,-0.13664,-0.11712,-0.27328
-0.49776,0.38064,-0.26352,-0.01464,0.23424,-0.366,0.03904,-0.23912,-0.20984,-0.10736,-0.12688,-0.33672
-0.49288,0.36112,-0.22936,0.01708,0.26352,-0.3782,0.1708,-0.06832,-0.09272,-0.03904,-0.0732,-0.34648
-0.4392,0.30256,-0.16592,0.05368,0.27328,-0.35624,0.22936,0.00976,-0.02928,0.01464,-0.03416,-0.35136
-0.38552,0.2562,-0.12688,0.06588,0.25864,-0.32208,0.20496,0.0732,-0.00976,0.03904,-0.00488,-0.23424
-0.37088,0.23912,-0.10736,0.07808,0.26352,-0.3172,0.19032,0.10248,0.01464,0.0488,0.00976,-0.23424
-0.366,0.24888,-0.13176,0.05124,0.23424,-0.30012,0.20496,0.0976,0.03904,0.03904,0.00488,-0.23912
-0.37088,0.24156,-0.11224,0.0732,0.25864,-0.31476,0.22448,0.09272,0.03904,0.0488,0.00488,-0.23912
-0.37576,0.244,-0.11224,0.07564,0.26352,-0.31964,0.20984,0.10736,0.03904,0.0488,0.00488,-0.25864
-0.36112,0.23912,-0.11712,0.06344,0.244,-0.30256,0.1952,0.13664,0.0244,0.03416,0.00488,-0.25864
-0.366,0.23424,-0.10248,0.08052,0.26352,-0.31476,0.21472,0.13664,0.0488,0.04392,0.00976,-0.26352
-0.37576,0.23912,-0.10248,0.0854,0.27328,-0.32452,0.22448,0.11712,0.06344,0.0488,0.01464,-0.2684
-0.37576,0.24644,-0.11712,0.07076,0.25864,-0.3172,0.22448,0.11712,0.05856,0.0488,0.00976,-0.26352
-0.37088,0.23912,-0.10736,0.07808,0.26352,-0.3172,0.2196,0.12688,0.0488,0.0488,0.00976,-0.25864
-0.37088,0.244,-0.11712,0.06832,0.25376,-0.31232,0.23424,0.122,0.05368,0.0488,0.00976,-0.24888
-0.35624,0.22692,-0.0976,0.08052,0.25864,-0.30744,0.24888,0.11712,0.05856,0.05368,0.00976,-0.244
-0.36112,0.22936,-0.0976,0.08296,0.26352,-0.31232,0.23912,0.122,0.06344,0.04392,0,-0.23424
-0.34648,0.22204,-0.0976,0.07564,0.24888,-0.29768,0.22448,0.12688,0.05856,0.04392,0,-0.22448
-0.36112,0.22936,-0.0976,0.08296,0.26352,-0.31232,0.2196,0.13664,0.06344,0.0488,0.01464,-0.21472
-0.37088,0.23668,-0.10248,0.08296,0.2684,-0.31964,0.2196,0.122,0.05368,0.04392,0,-0.21472
-0.37576,0.23912,-0.10248,0.0854,0.27328,-0.32452,0.23424,0.11224,0.06344,0.0488,0,-0.22448
-0.3416,0.21228,-0.08296,0.08784,0.25864,-0.30012,0.24888,0.11712,0.06344,0.06344,0.01464,-0.23424
-0.33184,0.20984,-0.08784,0.07808,0.244,-0.28792,0.23912,0.13664,0.05368,0.04392,0,-0.20984
-0.35136,0.22448,-0.0976,0.07808,0.25376,-0.30256,0.23424,0.13176,0.04392,0.03416,0,-0.20984
-0.36112,0.23424,-0.10736,0.0732,0.25376,-0.30744,0.22936,0.13176,0.04392,0.03904,0.00488,-0.23424
-0.35136,0.22204,-0.09272,0.08296,0.25864,-0.305,0.2196,0.1464,0.04392,0.0488,0.00976,-0.22936
-0.37088,0.23424,-0.0976,0.08784,0.27328,-0.32208,0.21472,0.15128,0.05368,0.04392,0,-0.21472
-0.38064,0.24156,-0.10248,0.08784,0.27816,-0.3294,0.20984,0.16104,0.05368,0.03904,0,-0.20496
-0.37088,0.23424,-0.0976,0.08784,0.27328,-0.32208,0.20496,0.17568,0.05856,0.03904,0,-0.18544
-0.35624,0.22448,-0.09272,0.0854,0.26352,-0.30988,0.20496,0.18544,0.05856,0.03904,0.00488,-0.16104
-0.36112,0.22692,-0.09272,0.08784,0.2684,-0.31476,0.20008,0.18056,0.05368,0.03904,-0.01464,-0.1708
-0.37088,0.23668,-0.10248,0.08296,0.2684,-0.31964,0.20008,0.19032,0.06832,0.03904,-0.01464,-0.18056
-0.35624,0.22448,-0.09272,0.0854,0.26352,-0.30988,0.19032,0.1952,0.06832,0.05856,0.01464,-0.16592
-0.35136,0.21716,-0.08296,0.09272,0.2684,-0.30988,0.18056,0.20496,0.06832,0.07808,0.0244,-0.1708
-0.37088,0.2318,-0.09272,0.09272,0.27816,-0.32452,0.1708,0.22448,0.06832,0.0732,0.02928,-0.15616
-0.36112,0.22692,-0.09272,0.08784,0.2684,-0.31476,0.17568,0.23912,0.06344,0.06832,0.03416,-0.16592
-0.37088,0.23668,-0.10248,0.08296,0.2684,-0.31964,0.16592,0.244,0.06344,0.06832,0.01952,-0.17568
-0.37088,0.2318,-0.09272,0.09272,0.27816,-0.32452,0.18056,0.28792,0.07808,0.07808,0.01464,-0.18544
-0.366,0.22448,-0.08296,0.10004,0.28304,-0.32452,0.18056,0.28792,0.0732,0.07808,0.02928,-0.1464
-0.35624,0.21228,-0.06832,0.1098,0.28792,-0.32208,0.18544,0.30744,0.08296,0.07808,0.04392,-0.15128
-0.34648,0.21228,-0.07808,0.09516,0.2684,-0.30744,0.17568,0.3172,0.09272,0.0976,0.05856,-0.14152
-0.37088,0.22448,-0.07808,0.10736,0.2928,-0.33184,0.16592,0.33672,0.09272,0.09272,0.0488,-0.1464
-0.34648,0.21472,-0.08296,0.09028,0.26352,-0.305,0.1464,0.366,0.0976,0.10248,0.05368,-0.14152
-0.35136,0.2074,-0.06344,0.11224,0.28792,-0.31964,0.14152,0.40992,0.122,0.10736,0.05368,-0.14152
-0.30744,0.17324,-0.03904,0.11468,0.2684,-0.28792,0.15128,0.43432,0.122,0.12688,0.07808,-0.12688
-0.30744,0.17568,-0.04392,0.1098,0.26352,-0.28548,0.15128,0.47824,0.11712,0.14152,0.06832,-0.11224
-0.3172,0.17812,-0.03904,0.11956,0.27816,-0.29768,0.11712,0.50264,0.11224,0.15128,0.08296,-0.122
-0.30256,0.16104,-0.01952,0.13176,0.28304,-0.2928,0.10248,0.51728,0.12688,0.16104,0.10248,-0.122
-0.30256,0.16104,-0.01952,0.13176,0.28304,-0.2928,0.11224,0.5368,0.122,0.16104,0.10736,-0.0976
-0.28792,0.15616,-0.0244,0.11956,0.26352,-0.27572,0.10736,0.55144,0.11224,0.1708,0.122,-0.10248
-0.2684,0.13664,-0.00488,0.12932,0.26352,-0.26596,0.08784,0.55144,0.11224,0.19032,0.1464,-0.12688
-0.24888,0.122,0.00488,0.12932,0.25376,-0.25132,0.06344,0.55144,0.10248,0.20008,0.1708,-0.13176
-0.25864,0.122,0.01464,0.14396,0.27328,-0.26596,0.04392,0.54168,0.0976,0.2196,0.1708,-0.0732
-0.25864,0.122,0.01464,0.14396,0.27328,-0.26596,0.02928,0.50264,0.07808,0.22936,0.18056,-0.04392
-0.23912,0.10736,0.0244,0.14396,0.26352,-0.25132,0.03416,0.49288,0.07808,0.22936,0.20008,-0.03416
-0.23912,0.09516,0.0488,0.16836,0.28792,-0.26352,0.01952,0.47336,0.0732,0.23424,0.20496,-0.01464
-0.22936,0.09028,0.0488,0.16348,0.27816,-0.25376,0.02928,0.44896,0.0732,0.22448,0.20496,0.00976
-0.22936,0.0854,0.05856,0.17324,0.28792,-0.25864,0.0244,0.4148,0.06344,0.20984,0.20496,0.01464
-0.2196,0.08296,0.05368,0.16348,0.27328,-0.24644,-0.00488,0.37088,0.05856,0.20984,0.20008,0.01952
-0.2196,0.0854,0.0488,0.1586,0.2684,-0.244,-0.01464,0.3416,0.05856,0.20984,0.1952,0.03904
-0.24888,0.0976,0.05368,0.17812,0.30256,-0.27572,-0.0244,0.30744,0.06344,0.20496,0.20008,0.05856
-0.20496,0.07076,0.06344,0.16592,0.2684,-0.23668,-0.03904,0.27328,0.06344,0.20984,0.20008,0.08784
-0.22448,0.08296,0.05856,0.1708,0.28304,-0.25376,-0.04392,0.23424,0.05856,0.1952,0.19032,0.06344
-0.23424,0.08296,0.06832,0.18544,0.30256,-0.2684,-0.05856,0.20008,0.05856,0.18544,0.16592,0.06832
-0.23912,0.08784,0.06344,0.183,0.30256,-0.27084,-0.08784,0.20008,0.0488,0.18544,0.19032,0.05856
-0.24888,0.10004,0.0488,0.17324,0.29768,-0.27328,-0.08784,0.18544,0.03416,0.19032,0.20008,0.05368
-0.2684,0.10736,0.05368,0.18788,0.32208,-0.29524,-0.08296,0.18056,0.02928,0.20008,0.21472,0.0732
-0.26352,0.10248,0.05856,0.19032,0.32208,-0.2928,-0.0976,0.1708,0.0244,0.20008,0.20984,0.07808
-0.26352,0.10004,0.06344,0.1952,0.32696,-0.29524,-0.10248,0.14152,0.00488,0.18544,0.1952,0.06344
-0.2684,0.10736,0.05368,0.18788,0.32208,-0.29524,-0.11712,0.122,0,0.1708,0.18544,0.0488
-0.28304,0.12444,0.03416,0.17568,0.3172,-0.30012,-0.13176,0.122,-0.00488,0.16592,0.18544,0.06832
-0.28304,0.12444,0.03416,0.17568,0.3172,-0.30012,-0.1464,0.122,-0.00488,0.16592,0.18544,0.06832
-0.2928,0.12932,0.03416,0.18056,0.32696,-0.30988,-0.15616,0.12688,-0.00488,0.1708,0.19032,0.08296
-0.2928,0.12932,0.03416,0.18056,0.32696,-0.30988,-0.16592,0.11712,-0.00488,0.15128,0.18544,0.10248
-0.30256,0.13664,0.02928,0.18056,0.33184,-0.3172,-0.15128,0.11712,-0.00488,0.16592,0.19032,0.11712
-0.31232,0.14396,0.0244,0.18056,0.33672,-0.32452,-0.12688,0.11224,-0.00976,0.18056,0.18544,0.13176
-0.32208,0.14884,0.0244,0.18544,0.34648,-0.33428,-0.10736,0.10736,-0.01464,0.19032,0.1952,0.13176
-0.3172,0.14884,0.01952,0.17812,0.33672,-0.32696,-0.10248,0.09272,-0.01464,0.16592,0.19032,0.11712
-0.30256,0.14152,0.01952,0.1708,0.32208,-0.31232,-0.09272,0.0976,-0.01464,0.16104,0.18544,0.14152
-0.29768,0.13908,0.01952,0.16836,0.3172,-0.30744,-0.08296,0.10736,-0.01464,0.18544,0.18056,0.14152
-0.30744,0.14152,0.0244,0.17812,0.33184,-0.31964,-0.07808,0.11224,-0.0244,0.16592,0.17568,0.1464
-0.28792,0.13664,0.01464,0.1586,0.30256,-0.29524,-0.08296,0.11224,-0.03904,0.13664,0.17568,0.1464
-0.31232,0.14884,0.01464,0.1708,0.32696,-0.31964,-0.0732,0.11712,-0.0244,0.15128,0.17568,0.15616
-0.32696,0.15372,0.01952,0.183,0.34648,-0.33672,-0.08296,0.12688,-0.00488,0.15616,0.19032,0.13664
-0.33672,0.15616,0.0244,0.19276,0.36112,-0.34892,-0.09272,0.12688,0.00976,0.15616,0.18544,0.15128
-0.32208,0.15616,0.00976,0.1708,0.33184,-0.32696,-0.0976,0.13664,0.02928,0.16592,0.1708,0.16104
-0.31232,0.13908,0.03416,0.19032,0.34648,-0.3294,-0.10736,0.16104,0.03416,0.16104,0.1708,0.16104
-0.29768,0.12688,0.04392,0.19276,0.3416,-0.31964,-0.10248,0.17568,0.03416,0.1464,0.15616,0.1708
-0.29768,0.13176,0.03416,0.183,0.33184,-0.31476,-0.09272,0.15616,0.0244,0.15616,0.1708,0.1708
-0.31232,0.13908,0.03416,0.19032,0.34648,-0.3294,-0.0976,0.15128,0.03416,0.16592,0.19032,0.1708
-0.32696,0.13908,0.0488,0.21228,0.37576,-0.35136,-0.11224,0.1708,0.02928,0.18544,0.19032,0.1708
-0.33672,0.15128,0.03416,0.20252,0.37088,-0.3538,-0.122,0.1952,0.01952,0.1952,0.1952,0.17568
-0.32696,0.14152,0.04392,0.2074,0.37088,-0.34892,-0.11224,0.20984,0.03416,0.20008,0.23424,0.1708
-0.3416,0.14884,0.04392,0.21472,0.38552,-0.36356,-0.11224,0.23424,0.04392,0.1952,0.23424,0.16104
-0.32696,0.13664,0.05368,0.21716,0.38064,-0.3538,-0.10736,0.2196,0.03904,0.20984,0.244,0.17568
-0.32696,0.13908,0.0488,0.21228,0.37576,-0.35136,-0.11224,0.18544,0.04392,0.21472,0.244,0.20008
-0.28792,0.11224,0.06344,0.2074,0.35136,-0.31964,-0.122,0.20984,0.05368,0.20984,0.22448,0.22936
-0.31232,0.12688,0.05856,0.21472,0.37088,-0.3416,-0.122,0.21472,0.06832,0.20496,0.25376,0.22936
-0.30744,0.11956,0.06832,0.22204,0.37576,-0.3416,-0.13176,0.21472,0.08296,0.21472,0.25376,0.21472
-0.2928,0.1098,0.0732,0.2196,0.366,-0.3294,-0.13176,0.23424,0.0976,0.23912,0.2684,0.1952
-0.28792,0.09516,0.0976,0.24156,0.38552,-0.33672,-0.13664,0.20984,0.0976,0.23424,0.2684,0.20984
-0.28304,0.08784,0.10736,0.24888,0.3904,-0.33672,-0.13664,0.22936,0.0976,0.244,0.2684,0.22936
-0.2928,0.09272,0.10736,0.25376,0.40016,-0.34648,-0.10736,0.22936,0.11224,0.24888,0.28792,0.23424
-0.27328,0.07808,0.11712,0.25376,0.3904,-0.33184,-0.0976,0.244,0.11224,0.25864,0.28304,0.23424
-0.2684,0.06832,0.13176,0.26596,0.40016,-0.33428,-0.11224,0.22448,0.122,0.25864,0.28304,0.244
-0.2684,0.05612,0.15616,0.29036,0.42456,-0.34648,-0.10736,0.1952,0.12688,0.25864,0.27816,0.25376
-0.26352,0.05856,0.1464,0.27816,0.40992,-0.33672,-0.11712,0.20496,0.13176,0.25376,0.28792,0.25376
-0.2684,0.06588,0.13664,0.27084,0.40504,-0.33672,-0.12688,0.22936,0.12688,0.26352,0.30744,0.25376
-0.2684,0.05124,0.16592,0.30012,0.43432,-0.35136,-0.0976,0.22936,0.13664,0.26352,0.30744,0.2196
-0.24888,0.04148,0.16592,0.29036,0.4148,-0.33184,-0.11224,0.244,0.1464,0.25864,0.29768,0.27328
-0.27328,0.06832,0.13664,0.27328,0.40992,-0.3416,-0.16592,0.2196,0.1464,0.25376,0.30256,0.27816
-0.27328,0.06832,0.13664,0.27328,0.40992,-0.3416,-0.18544,0.20984,0.1464,0.25376,0.30256,0.2684
-0.25376,0.05368,0.1464,0.27328,0.40016,-0.32696,-0.1952,0.20496,0.1464,0.244,0.30256,0.25376
-0.27328,0.06832,0.13664,0.27328,0.40992,-0.3416,-0.20496,0.20496,0.15616,0.23424,0.2928,0.22936
-0.24888,0.05612,0.13664,0.26108,0.38552,-0.3172,-0.1952,0.19032,0.15616,0.23424,0.2928,0.25864
-0.2684,0.06588,0.13664,0.27084,0.40504,-0.33672,-0.20008,0.1708,0.15616,0.23424,0.2928,0.26352
-0.26352,0.06344,0.13664,0.2684,0.40016,-0.33184,-0.21472,0.15128,0.1464,0.23424,0.2928,0.27328
-0.25864,0.06832,0.122,0.25132,0.38064,-0.31964,-0.23424,0.15128,0.1464,0.23424,0.28792,0.27816
-0.27328,0.0854,0.10248,0.23912,0.37576,-0.32452,-0.244,0.1464,0.14152,0.22936,0.28304,0.2684
-0.27816,0.09028,0.0976,0.23668,0.37576,-0.32696,-0.244,0.13176,0.14152,0.22448,0.28304,0.27328
-0.24888,0.06588,0.11712,0.24156,0.366,-0.30744,-0.2196,0.15616,0.1464,0.22448,0.30256,0.27328
-0.23424,0.05612,0.122,0.23912,0.35624,-0.29524,-0.20008,0.17568,0.14152,0.22448,0.30256,0.2684
-0.23912,0.06344,0.11224,0.2318,0.35136,-0.29524,-0.19032,0.18056,0.1464,0.23912,0.30256,0.28304
-0.244,0.07076,0.10248,0.22448,0.34648,-0.29524,-0.1708,0.17568,0.15616,0.23912,0.30256,0.30256
-0.25376,0.08052,0.09272,0.2196,0.34648,-0.30012,-0.16104,0.1464,0.15128,0.22448,0.2928,0.28304
-0.25864,0.0854,0.08784,0.21716,0.34648,-0.30256,-0.15128,0.13176,0.1464,0.2196,0.2928,0.27816
-0.26352,0.09028,0.08296,0.21472,0.34648,-0.305,-0.16104,0.13176,0.13664,0.2196,0.2928,0.2928
-0.28304,0.10248,0.07808,0.2196,0.36112,-0.32208,-0.13176,0.13176,0.13176,0.20984,0.2928,0.2684
-0.30744,0.122,0.06344,0.21716,0.37088,-0.33916,-0.13176,0.14152,0.12688,0.20984,0.27816,0.25864
-0.30744,0.122,0.06344,0.21716,0.37088,-0.33916,-0.13176,0.16104,0.12688,0.2196,0.27816,0.27816
-0.3172,0.12932,0.05856,0.21716,0.37576,-0.34648,-0.12688,0.19032,0.12688,0.23424,0.28304,0.29768
-0.30744,0.11712,0.0732,0.22692,0.38064,-0.34404,-0.10248,0.19032,0.12688,0.2196,0.28304,0.30744
-0.31232,0.122,0.06832,0.22448,0.38064,-0.34648,-0.10736,0.18056,0.11224,0.20984,0.27816,0.29768
-0.32696,0.14152,0.04392,0.2074,0.37088,-0.34892,-0.122,0.16592,0.0976,0.20496,0.27816,0.24888
-0.3416,0.14884,0.04392,0.21472,0.38552,-0.36356,-0.122,0.15128,0.10248,0.21472,0.27816,0.244
-0.33672,0.14396,0.0488,0.21716,0.38552,-0.36112,-0.122,0.16104,0.10248,0.21472,0.28792,0.27816
-0.33184,0.13908,0.05368,0.2196,0.38552,-0.35868,-0.13664,0.16104,0.10248,0.20984,0.28792,0.29768
-0.33184,0.13664,0.05856,0.22448,0.3904,-0.36112,-0.14152,0.16104,0.09272,0.20496,0.28792,0.29768
-0.33184,0.13664,0.05856,0.22448,0.3904,-0.36112,-0.1464,0.1464,0.0976,0.1952,0.2928,0.27816
-0.3416,0.15372,0.03416,0.20496,0.37576,-0.35868,-0.15616,0.13176,0.09272,0.2196,0.30256,0.2684
-0.33672,0.13908,0.05856,0.22692,0.39528,-0.366,-0.16104,0.14152,0.11224,0.2196,0.32208,0.24888
-0.33672,0.13908,0.05856,0.22692,0.39528,-0.366,-0.1708,0.13664,0.11712,0.2196,0.3172,0.23912
-0.32696,0.12688,0.0732,0.23668,0.40016,-0.36356,-0.1708,0.15128,0.13176,0.21472,0.29768,0.25376
-0.31232,0.11224,0.08784,0.244,0.40016,-0.35624,-0.1708,0.1708,0.13664,0.20496,0.27816,0.27328
-0.31232,0.11712,0.07808,0.23424,0.3904,-0.35136,-0.19032,0.17568,0.13176,0.19032,0.25864,0.28304
-0.33672,0.13908,0.05856,0.22692,0.39528,-0.366,-0.20984,0.16592,0.122,0.19032,0.24888,0.28792
-0.35136,0.14884,0.05368,0.22936,0.40504,-0.3782,-0.2196,0.17568,0.11712,0.20496,0.27816,0.28792
-0.35136,0.14884,0.05368,0.22936,0.40504,-0.3782,-0.22448,0.1708,0.11712,0.23424,0.3416,0.28304
-0.35136,0.14396,0.06344,0.23912,0.4148,-0.38308,-0.23912,0.18056,0.13176,0.25864,0.37088,0.28792
-0.33672,0.11956,0.0976,0.26596,0.43432,-0.38552,-0.20496,0.20008,0.14152,0.27816,0.38064,0.28792
-0.35136,0.14396,0.06344,0.23912,0.4148,-0.38308,-0.20496,0.1464,0.13664,0.2684,0.366,0.20496
-0.33184,0.122,0.08784,0.25376,0.41968,-0.37576,-0.18544,0.12688,0.122,0.25864,0.38064,0.28792
-0.3416,0.13176,0.07808,0.24888,0.41968,-0.38064,-0.20496,0.16104,0.13176,0.25864,0.35136,0.27328
-0.35624,0.13176,0.09272,0.27084,0.44896,-0.4026,-0.18056,0.30744,0.13664,0.24888,0.33184,0.35624
-0.3416,0.122,0.0976,0.2684,0.4392,-0.3904,-0.11712,0.52216,0.17568,0.24888,0.3172,0.28792
-0.366,0.12688,0.11224,0.29524,0.47824,-0.42212,-0.05856,0.5612,0.2196,0.25864,0.32208,0.28304
-0.41968,0.12444,0.1708,0.38064,0.59048,-0.50508,-0.06832,0.48312,0.2684,0.28304,0.33184,0.27816
-0.39528,0.10736,0.18056,0.3782,0.57584,-0.48556,-0.08784,0.33672,0.2684,0.31232,0.37088,0.33184
-0.32208,0.01952,0.28304,0.44408,0.60512,-0.4636,-0.15616,0.20496,0.28792,0.3904,0.47824,0.41968
-0.05368,-0.16348,0.38064,0.40748,0.43432,-0.244,-0.23912,0.16104,0.26352,0.44896,0.56608,0.47336
0.14152,-0.26596,0.3904,0.31964,0.24888,-0.05368,-0.55144,-0.11224,0.15616,0.47336,0.64904,0.54656
0.26352,-0.34892,0.43432,0.30256,0.1708,0.04636,-0.86376,-0.64904,0.00488,0.53192,0.77104,0.7808
0.44896,-0.51728,0.5856,0.36112,0.13664,0.15616,-1.16632,-1.39568,-0.18544,0.59536,0.98088,1.098
0.48312,-0.50264,0.52216,0.2806,0.03904,0.22204,-1.29808,-2.01544,-0.4392,0.44408,0.89304,1.33224
0.22936,-0.29524,0.36112,0.24644,0.13176,0.0488,-1.18096,-2.1228,-0.56608,0.22448,0.67344,1.21024
-0.16104,-0.01708,0.1952,0.27572,0.35624,-0.25864,-0.97112,-1.89344,-0.68808,0.08296,0.49288,1.07848
-0.35624,0.14152,0.0732,0.25132,0.42944,-0.39284,-0.84424,-1.32248,-0.55632,0.00976,0.30744,0.81496
-0.49776,0.27572,-0.05368,0.1952,0.44408,-0.47092,-0.67344,-0.7808,-0.366,0.03416,0.244,0.5612
-0.51728,0.28792,-0.05856,0.20008,0.45872,-0.488,-0.55144,-0.36112,-0.20008,0.0488,0.20496,0.40992
-0.52216,0.29524,-0.06832,0.19276,0.45384,-0.488,-0.42944,-0.05856,-0.0976,0.0732,0.18056,0.28792
-0.48312,0.24156,0,0.24156,0.48312,-0.48312,-0.2928,0.0732,0.00976,0.13176,0.2196,0.30744
-0.44408,0.19764,0.0488,0.27084,0.49288,-0.46848,-0.24888,0.122,0.0488,0.18056,0.25864,0.3172
-0.40992,0.17812,0.05368,0.25864,0.4636,-0.43676,-0.27816,0.22448,0.08296,0.20496,0.2928,0.33184
-0.39528,0.18056,0.03416,0.2318,0.42944,-0.41236,-0.28792,0.244,0.10248,0.1952,0.28304,0.30744
-0.40016,0.16592,0.06832,0.2684,0.46848,-0.43432,-0.27328,0.26352,0.11712,0.20008,0.28792,0.3172
-0.40016,0.1586,0.08296,0.28304,0.48312,-0.44164,-0.244,0.244,0.11712,0.21472,0.28792,0.3172
-0.40504,0.16836,0.06832,0.27084,0.47336,-0.4392,-0.24888,0.22936,0.09272,0.20496,0.27816,0.32208
-0.35624,0.13176,0.09272,0.27084,0.44896,-0.4026,-0.23424,0.25864,0.11224,0.20984,0.28304,0.3416
-0.34648,0.11712,0.11224,0.28548,0.45872,-0.4026,-0.17568,0.25864,0.122,0.21472,0.28792,0.31232
-0.35624,0.1342,0.08784,0.26596,0.44408,-0.40016,-0.16592,0.22936,0.0976,0.20008,0.2928,0.2928
-0.41968,0.1952,0.02928,0.23912,0.44896,-0.43432,-0.17568,0.2196,0.0732,0.19032,0.27328,0.2928
-0.42944,0.20252,0.0244,0.23912,0.45384,-0.44164,-0.17568,0.2196,0.0732,0.18544,0.26352,0.27328
-0.4392,0.1952,0.0488,0.2684,0.488,-0.4636,-0.15616,0.2196,0.07808,0.19032,0.26352,0.26352
-0.42456,0.17568,0.0732,0.28548,0.49776,-0.46116,-0.13176,0.20496,0.08296,0.1952,0.2684,0.26352
-0.40016,0.1586,0.08296,0.28304,0.48312,-0.44164,-0.11712,0.20008,0.08296,0.20496,0.27816,0.26352
-0.366,0.13176,0.10248,0.28548,0.46848,-0.41724,-0.11224,0.20984,0.08784,0.22448,0.29768,0.2684
-0.3904,0.14152,0.10736,0.30256,0.49776,-0.44408,-0.10736,0.22936,0.09272,0.22936,0.2928,0.25864
-0.3904,0.13664,0.11712,0.31232,0.50752,-0.44896,-0.08784,0.22448,0.09272,0.2196,0.28304,0.25376
-0.3904,0.13908,0.11224,0.30744,0.50264,-0.44652,-0.08296,0.244,0.09272,0.22448,0.29768,0.25376
-0.36112,0.11712,0.12688,0.30744,0.488,-0.42456,-0.05856,0.25376,0.11224,0.244,0.29768,0.25864
-0.366,0.122,0.122,0.305,0.488,-0.427,-0.04392,0.25376,0.12688,0.21472,0.2928,0.25376
-0.38552,0.13908,0.10736,0.30012,0.49288,-0.4392,-0.0244,0.25864,0.122,0.20984,0.2928,0.244
-0.366,0.12444,0.11712,0.30012,0.48312,-0.42456,-0.00976,0.2684,0.122,0.21472,0.28792,0.244
-0.366,0.11712,0.13176,0.31476,0.49776,-0.43188,0.00976,0.26352,0.13176,0.21472,0.2928,0.2684
-0.37088,0.12444,0.122,0.30744,0.49288,-0.43188,0.02928,0.23912,0.13176,0.20496,0.28304,0.26352
-0.36112,0.12444,0.11224,0.2928,0.47336,-0.41724,0.06832,0.23912,0.14152,0.1952,0.27328,0.25376
-0.36112,0.12688,0.10736,0.28792,0.46848,-0.4148,0.10248,0.26352,0.1464,0.1952,0.27816,0.25376
-0.35136,0.12932,0.09272,0.2684,0.44408,-0.39772,0.12688,0.27328,0.15128,0.1952,0.27328,0.27328
-0.35136,0.12444,0.10248,0.27816,0.45384,-0.4026,0.13664,0.2684,0.15616,0.1952,0.2684,0.27816
-0.36112,0.13664,0.08784,0.2684,0.44896,-0.40504,0.15128,0.2928,0.16592,0.18544,0.27328,0.27328
-0.37576,0.14884,0.07808,0.26596,0.45384,-0.4148,0.15128,0.2928,0.16592,0.18544,0.26352,0.26352
-0.366,0.13908,0.08784,0.27084,0.45384,-0.40992,0.14152,0.30744,0.17568,0.1952,0.26352,0.25864
-0.38552,0.14884,0.08784,0.2806,0.47336,-0.42944,0.16592,0.3172,0.1708,0.20496,0.26352,0.24888
-0.38064,0.14884,0.08296,0.27328,0.4636,-0.42212,0.19032,0.3172,0.18544,0.21472,0.27816,0.25864
-0.38064,0.14396,0.09272,0.28304,0.47336,-0.427,0.21472,0.33672,0.1952,0.21472,0.27328,0.2684
-0.37088,0.14152,0.08784,0.27328,0.45872,-0.4148,0.23912,0.35624,0.20496,0.20496,0.26352,0.27328
-0.36112,0.13908,0.08296,0.26352,0.44408,-0.4026,0.244,0.36112,0.20984,0.18544,0.2684,0.25864
-0.34648,0.12932,0.08784,0.26108,0.43432,-0.3904,0.25376,0.37576,0.20496,0.18056,0.25864,0.23912
-0.35624,0.13908,0.07808,0.2562,0.43432,-0.39528,0.25376,0.39528,0.1952,0.18544,0.22936,0.23424
-0.38064,0.13908,0.10248,0.2928,0.48312,-0.43188,0.25864,0.40504,0.20496,0.20008,0.244,0.244
-0.38064,0.1464,0.08784,0.27816,0.46848,-0.42456,0.2684,0.43432,0.22448,0.22448,0.2684,0.23424
-0.36112,0.11956,0.122,0.30256,0.48312,-0.42212,0.28792,0.47336,0.23912,0.23912,0.2928,0.23912
-0.366,0.122,0.122,0.305,0.488,-0.427,0.30256,0.50752,0.24888,0.24888,0.30256,0.24888
-0.38064,0.13664,0.10736,0.29768,0.488,-0.43432,0.31232,0.55144,0.26352,0.244,0.30256,0.23424
-0.38552,0.1464,0.09272,0.28548,0.47824,-0.43188,0.30256,0.58072,0.27328,0.25376,0.31232,0.22936
-0.366,0.11956,0.12688,0.30988,0.49288,-0.42944,0.31232,0.60024,0.2928,0.2684,0.3172,0.2196
-0.366,0.11956,0.12688,0.30988,0.49288,-0.42944,0.32208,0.61488,0.29768,0.28792,0.33184,0.23424
-0.32696,0.09272,0.14152,0.305,0.46848,-0.39772,0.33184,0.62952,0.30256,0.2928,0.3416,0.23912
-0.32696,0.09028,0.1464,0.30988,0.47336,-0.40016,0.32696,0.62952,0.30256,0.29768,0.3416,0.23424
-0.30744,0.07564,0.15616,0.30988,0.4636,-0.38552,0.3172,0.62952,0.32208,0.29768,0.3416,0.23424
-0.30256,0.0732,0.15616,0.30744,0.45872,-0.38064,0.3172,0.60024,0.31232,0.29768,0.35136,0.23424
-0.27816,0.05856,0.16104,0.30012,0.4392,-0.35868,0.33184,0.57096,0.31232,0.30256,0.35136,0.24888
-0.27816,0.05368,0.1708,0.30988,0.44896,-0.36356,0.33672,0.55144,0.31232,0.30744,0.36112,0.27328
-0.27816,0.05124,0.17568,0.31476,0.45384,-0.366,0.33184,0.5368,0.3172,0.3172,0.37576,0.2928
-0.27816,0.0488,0.18056,0.31964,0.45872,-0.36844,0.33184,0.50752,0.31232,0.32696,0.38552,0.28792
-0.27328,0.04636,0.18056,0.3172,0.45384,-0.36356,0.32696,0.4636,0.29768,0.31232,0.37576,0.29768
-0.26352,0.04148,0.18056,0.31232,0.44408,-0.3538,0.31232,0.41968,0.28792,0.30744,0.37088,0.31232
-0.27328,0.05124,0.1708,0.30744,0.44408,-0.35868,0.32208,0.3904,0.27328,0.30256,0.35624,0.32208
-0.2684,0.0488,0.1708,0.305,0.4392,-0.3538,0.33184,0.35136,0.26352,0.28792,0.35624,0.32696
-0.27328,0.04148,0.19032,0.32696,0.4636,-0.36844,0.35136,0.3172,0.25376,0.28792,0.34648,0.35624
-0.28304,0.0488,0.18544,0.32696,0.46848,-0.37576,0.36112,0.29768,0.25376,0.27816,0.34648,0.35136
-0.28792,0.04636,0.1952,0.33916,0.48312,-0.38552,0.35624,0.2684,0.244,0.26352,0.32696,0.36112
-0.28792,0.05124,0.18544,0.3294,0.47336,-0.38064,0.38064,0.244,0.22936,0.24888,0.32208,0.36112
-0.29768,0.06832,0.16104,0.30988,0.45872,-0.3782,0.4148,0.20984,0.21472,0.24888,0.30256,0.35624
-0.29768,0.06588,0.16592,0.31476,0.4636,-0.38064,0.45384,0.20496,0.20008,0.24888,0.2928,0.366
-0.28304,0.05856,0.16592,0.30744,0.44896,-0.366,0.47824,0.1952,0.18544,0.23912,0.28304,0.36112
-0.28304,0.06344,0.15616,0.29768,0.4392,-0.36112,0.488,0.17568,0.17568,0.22936,0.28304,0.366
-0.30256,0.07808,0.1464,0.29768,0.44896,-0.37576,0.5124,0.1708,0.16592,0.20008,0.2684,0.36112
-0.33184,0.10248,0.12688,0.2928,0.45872,-0.39528,0.55144,0.15128,0.16104,0.2196,0.25864,0.37088
-0.33672,0.10492,0.12688,0.29524,0.4636,-0.40016,0.58072,0.1464,0.15128,0.22936,0.2684,0.366
-0.32696,0.09516,0.13664,0.30012,0.4636,-0.39528,0.59048,0.15616,0.15128,0.20984,0.26352,0.35624
-0.33184,0.08784,0.15616,0.32208,0.488,-0.40992,0.59536,0.15128,0.15128,0.2196,0.27328,0.34648
-0.32208,0.08296,0.15616,0.3172,0.47824,-0.40016,0.61488,0.13176,0.1464,0.22936,0.26352,0.3416
-0.31232,0.08296,0.1464,0.30256,0.45872,-0.38552,0.63928,0.13664,0.1464,0.22936,0.25376,0.35624
-0.33672,0.10004,0.13664,0.305,0.47336,-0.40504,0.64416,0.14152,0.15616,0.21472,0.25376,0.3416
-0.33672,0.10492,0.12688,0.29524,0.4636,-0.40016,0.66368,0.14152,0.16104,0.20496,0.24888,0.33184
-0.33184,0.10248,0.12688,0.2928,0.45872,-0.39528,0.6832,0.1708,0.16104,0.2196,0.244,0.33672
-0.33184,0.10736,0.11712,0.28304,0.44896,-0.3904,0.69296,0.16592,0.17568,0.22448,0.22936,0.32696
-0.33672,0.11224,0.11224,0.2806,0.44896,-0.39284,0.7076,0.1708,0.18056,0.19032,0.22936,0.31232
-0.31232,0.10736,0.0976,0.25376,0.40992,-0.36112,0.71248,0.16592,0.16592,0.17568,0.20496,0.30744
-0.32208,0.10492,0.11224,0.27328,0.43432,-0.3782,0.72224,0.16592,0.17568,0.18056,0.20984,0.2928
-0.31232,0.09516,0.122,0.27816,0.43432,-0.37332,0.71736,0.15616,0.19032,0.1952,0.23424,0.27328
-0.30744,0.0854,0.13664,0.29036,0.44408,-0.37576,0.71736,0.1464,0.20496,0.21472,0.23424,0.27816
-0.31232,0.09272,0.12688,0.28304,0.4392,-0.37576,0.72224,0.16592,0.20984,0.22936,0.2196,0.26352
-0.33184,0.10004,0.13176,0.29768,0.4636,-0.39772,0.72224,0.18544,0.20984,0.20008,0.20984,0.25864
-0.29768,0.08296,0.13176,0.2806,0.42944,-0.36356,0.71248,0.17568,0.20008,0.19032,0.18056,0.244
-0.2928,0.07808,0.13664,0.28304,0.42944,-0.36112,0.70272,0.18056,0.20008,0.18056,0.18056,0.22448
-0.29768,0.07808,0.14152,0.29036,0.4392,-0.36844,0.70272,0.19032,0.2196,0.19032,0.20008,0.22936
-0.32696,0.10004,0.12688,0.29036,0.45384,-0.3904,0.69784,0.1952,0.22448,0.21472,0.20008,0.244
-0.31232,0.0976,0.11712,0.27328,0.42944,-0.37088,0.68808,0.19032,0.20496,0.21472,0.20984,0.23912
-0.29768,0.07808,0.14152,0.29036,0.4392,-0.36844,0.68808,0.16104,0.2196,0.20008,0.20496,0.23424
-0.29768,0.08296,0.13176,0.2806,0.42944,-0.36356,0.69784,0.1952,0.2196,0.1952,0.18544,0.22936
-0.30744,0.09516,0.11712,0.27084,0.42456,-0.366,0.68808,0.19032,0.22936,0.18544,0.18544,0.244
-0.30744,0.08784,0.13176,0.28548,0.4392,-0.37332,0.68808,0.1952,0.21472,0.20496,0.18544,0.2684
-0.27816,0.07076,0.13664,0.27572,0.4148,-0.34648,0.69296,0.20008,0.20984,0.21472,0.1952,0.27816
-0.3172,0.07564,0.16592,0.32452,0.48312,-0.40016,0.69784,0.20008,0.21472,0.22936,0.22448,0.2928
-0.27328,0.04392,0.18544,0.32208,0.45872,-0.366,0.69784,0.18056,0.21472,0.244,0.23424,0.2928
-0.27816,0.0366,0.20496,0.34404,0.48312,-0.38064,0.69784,0.20496,0.20984,0.244,0.22936,0.28792
-0.26352,0.03904,0.18544,0.3172,0.44896,-0.35624,0.69296,0.20984,0.20008,0.22936,0.20984,0.2928
-0.27816,0.04148,0.1952,0.33428,0.47336,-0.37576,0.69296,0.2196,0.18056,0.22936,0.20984,0.30744
-0.2928,0.05368,0.18544,0.33184,0.47824,-0.38552,0.69296,0.19032,0.1708,0.23912,0.20496,0.31232
-0.29768,0.061,0.17568,0.32452,0.47336,-0.38552,0.68808,0.21472,0.17568,0.244,0.20984,0.32208
-0.29768,0.0488,0.20008,0.34892,0.49776,-0.39772,0.69296,0.21472,0.18056,0.25376,0.2196,0.34648
-0.2928,0.04636,0.20008,0.34648,0.49288,-0.39284,0.68808,0.20984,0.19032,0.24888,0.20984,0.35136
-0.2684,0.03904,0.19032,0.32452,0.45872,-0.36356,0.67832,0.22448,0.19032,0.23912,0.21472,0.35136
-0.25864,0.04148,0.17568,0.305,0.43432,-0.34648,0.6344,0.20984,0.1708,0.22448,0.20008,0.33184
-0.26352,0.03416,0.1952,0.32696,0.45872,-0.36112,0.60512,0.1952,0.17568,0.244,0.20496,0.35136
-0.27328,0.04392,0.18544,0.32208,0.45872,-0.366,0.5856,0.17568,0.16592,0.25376,0.21472,0.3416
-0.27328,0.04392,0.18544,0.32208,0.45872,-0.366,0.57584,0.16592,0.16592,0.25376,0.21472,0.3416
-0.244,0.02928,0.18544,0.30744,0.42944,-0.33672,0.57096,0.17568,0.1708,0.23424,0.20008,0.33672
-0.25376,0.03904,0.17568,0.30256,0.42944,-0.3416,0.57584,0.1708,0.1708,0.21472,0.1952,0.33672
-0.24888,0.02684,0.1952,0.31964,0.44408,-0.34648,0.57096,0.15128,0.16592,0.22448,0.20496,0.3416
-0.24888,0.01464,0.2196,0.34404,0.46848,-0.35868,0.57096,0.13664,0.16592,0.23424,0.20496,0.33184
-0.22936,0.00976,0.20984,0.32452,0.4392,-0.33428,0.55632,0.13176,0.17568,0.244,0.20496,0.31232
-0.244,0.02684,0.19032,0.31232,0.43432,-0.33916,0.5368,0.13664,0.17568,0.23912,0.1952,0.28792
-0.23912,0.04392,0.15128,0.27084,0.3904,-0.31476,0.52704,0.1464,0.1708,0.20984,0.17568,0.27816
-0.23424,0.04148,0.15128,0.2684,0.38552,-0.30988,0.53192,0.13176,0.16592,0.1952,0.1708,0.27328
-0.2196,0.04148,0.13664,0.24644,0.35624,-0.28792,0.5124,0.12688,0.17568,0.18544,0.16592,0.2684
-0.244,0.05368,0.13664,0.25864,0.38064,-0.31232,0.49776,0.11712,0.1708,0.18544,0.15616,0.27816
-0.2196,0.04392,0.13176,0.24156,0.35136,-0.28548,0.49288,0.13176,0.16104,0.18056,0.1464,0.28304
-0.22936,0.05612,0.11712,0.2318,0.34648,-0.28792,0.48312,0.13176,0.14152,0.16104,0.14152,0.27328
-0.23912,0.061,0.11712,0.23668,0.35624,-0.29768,0.47824,0.11712,0.12688,0.1708,0.1464,0.25864
-0.23912,0.05856,0.122,0.24156,0.36112,-0.30012,0.48312,0.122,0.12688,0.19032,0.1464,0.28792
-0.244,0.061,0.122,0.244,0.366,-0.305,0.48312,0.11224,0.11224,0.17568,0.13664,0.26352
-0.26352,0.07808,0.10736,0.23912,0.37088,-0.3172,0.48312,0.11224,0.10736,0.1708,0.11712,0.26352
-0.2684,0.08784,0.09272,0.22692,0.36112,-0.31476,0.47336,0.10736,0.0976,0.16592,0.11224,0.25864
-0.27328,0.0976,0.07808,0.21472,0.35136,-0.31232,0.47336,0.0976,0.08296,0.16592,0.11224,0.25864
-0.27328,0.09516,0.08296,0.2196,0.35624,-0.31476,0.47824,0.11224,0.06832,0.15128,0.10248,0.26352
-0.27328,0.09516,0.08296,0.2196,0.35624,-0.31476,0.49288,0.122,0.06832,0.13176,0.09272,0.2684
-0.28792,0.1098,0.06832,0.21228,0.35624,-0.32208,0.47336,0.11712,0.05368,0.11712,0.08296,0.26352
-0.30256,0.12444,0.05368,0.20496,0.35624,-0.3294,0.45872,0.11224,0.05368,0.11712,0.07808,0.26352
-0.29768,0.11468,0.06832,0.21716,0.366,-0.33184,0.44408,0.11712,0.04392,0.13664,0.08784,0.25864
-0.29768,0.11468,0.06832,0.21716,0.366,-0.33184,0.42944,0.122,0.0488,0.1464,0.08784,0.25864
-0.30256,0.11712,0.06832,0.2196,0.37088,-0.33672,0.4148,0.122,0.05856,0.14152,0.09272,0.25864
-0.30744,0.122,0.06344,0.21716,0.37088,-0.33916,0.42456,0.13176,0.05856,0.13176,0.08784,0.25376
-0.29768,0.12444,0.0488,0.19764,0.34648,-0.32208,0.40504,0.11712,0.05368,0.12688,0.0732,0.25376
-0.29768,0.12444,0.0488,0.19764,0.34648,-0.32208,0.38552,0.122,0.05856,0.13176,0.0732,0.25376
-0.29768,0.11712,0.06344,0.21228,0.36112,-0.3294,0.366,0.122,0.06832,0.13176,0.07808,0.244
-0.29768,0.122,0.05368,0.20252,0.35136,-0.32452,0.35624,0.11712,0.06344,0.13176,0.0732,0.25376
-0.29768,0.12444,0.0488,0.19764,0.34648,-0.32208,0.37088,0.11712,0.07808,0.122,0.0732,0.244
-0.2928,0.11712,0.05856,0.20496,0.35136,-0.32208,0.3904,0.11712,0.07808,0.11224,0.06832,0.23424
-0.28304,0.10736,0.06832,0.20984,0.35136,-0.3172,0.38552,0.11712,0.08784,0.13176,0.06832,0.22448
-0.28792,0.11224,0.06344,0.2074,0.35136,-0.31964,0.38552,0.11712,0.0976,0.14152,0.06832,0.22936
-0.27328,0.10004,0.0732,0.20984,0.34648,-0.30988,0.38064,0.11224,0.0976,0.13176,0.06344,0.21472
-0.27816,0.10248,0.0732,0.21228,0.35136,-0.31476,0.37576,0.11712,0.0976,0.13176,0.06832,0.20984
-0.27816,0.1098,0.05856,0.19764,0.33672,-0.30744,0.366,0.11224,0.0976,0.122,0.05368,0.20984
-0.27328,0.10492,0.06344,0.20008,0.33672,-0.305,0.38064,0.11712,0.0976,0.122,0.05368,0.1952
-0.2928,0.12444,0.04392,0.19032,0.33672,-0.31476,0.36112,0.0976,0.0976,0.122,0.05856,0.20008
-0.28304,0.1098,0.06344,0.20496,0.34648,-0.31476,0.33184,0.14152,0.10248,0.122,0.05856,0.19032
-0.27816,0.11712,0.04392,0.183,0.32208,-0.30012,0.35624,0.244,0.122,0.11224,0.03904,0.16592
-0.2684,0.10736,0.05368,0.18788,0.32208,-0.29524,0.45384,0.44408,0.16592,0.122,0.02928,0.12688
-0.31232,0.11468,0.08296,0.23912,0.39528,-0.3538,0.52704,0.47336,0.244,0.1464,0.03416,0.13664
-0.35136,0.11468,0.122,0.29768,0.47336,-0.41236,0.54656,0.41968,0.29768,0.18544,0.04392,0.12688
-0.31232,0.0732,0.16592,0.32208,0.47824,-0.39528,0.488,0.28304,0.27816,0.2196,0.08296,0.1708
-0.22448,-0.0122,0.24888,0.36112,0.47336,-0.34892,0.41968,0.18544,0.30744,0.28304,0.17568,0.23912
0.01464,-0.13664,0.25864,0.25132,0.244,-0.11468,0.29768,0.08784,0.20008,0.28792,0.22936,0.25376
0.27816,-0.32208,0.366,0.22692,0.08784,0.09516,0.04392,-0.2196,0.122,0.35624,0.36112,0.45872
0.49288,-0.50752,0.52216,0.27572,0.02928,0.2318,-0.25376,-0.7564,-0.01952,0.44896,0.55144,0.70272
0.62464,-0.6344,0.64416,0.33184,0.01952,0.30256,-0.56608,-1.6104,-0.244,0.49776,0.72712,1.03456
0.57096,-0.53924,0.50752,0.22204,-0.06344,0.3172,-0.64904,-2.06424,-0.48312,0.30744,0.5856,1.12728
0.24888,-0.30744,0.366,0.24156,0.11712,0.06588,-0.46848,-2.0496,-0.61488,0.122,0.38552,1.0736
-0.1464,-0.00732,0.16104,0.23424,0.30744,-0.22692,-0.18056,-1.79096,-0.72224,-0.06832,0.14152,0.8784
-0.33672,0.1586,0.01952,0.18788,0.35624,-0.34648,-0.09272,-1.28832,-0.55632,-0.13176,-0.00976,0.59048
-0.37576,0.22692,-0.07808,0.1098,0.29768,-0.33672,0.00976,-0.79056,-0.35136,-0.10736,-0.07808,0.30256
-0.38064,0.2318,-0.08296,0.10736,0.29768,-0.33916,0.07808,-0.41968,-0.20008,-0.07808,-0.0976,0.17568
-0.3904,0.244,-0.0976,0.0976,0.2928,-0.3416,0.21472,-0.16104,-0.08296,-0.02928,-0.10736,0.09272
-0.366,0.20008,-0.03416,0.14884,0.33184,-0.34892,0.33672,0.01952,0.04392,0.02928,-0.06344,0.09272
-0.32208,0.15128,0.01952,0.18056,0.3416,-0.33184,0.37576,0.0976,0.13664,0.10248,0.00488,0.1464
-0.27816,0.11956,0.03904,0.17812,0.3172,-0.29768,0.3416,0.14152,0.13664,0.0976,0.01464,0.13664
-0.26352,0.10736,0.0488,0.18056,0.31232,-0.28792,0.3172,0.16104,0.14152,0.0976,0.00976,0.15616
-0.25864,0.11224,0.03416,0.16348,0.2928,-0.27572,0.32208,0.16592,0.17568,0.0976,0.01464,0.15128
-0.26352,0.10492,0.05368,0.18544,0.3172,-0.29036,0.3416,0.16104,0.17568,0.10736,0.01464,0.15128
-0.27816,0.11224,0.05368,0.19276,0.33184,-0.305,0.32696,0.17568,0.17568,0.11712,0.01464,0.15128
-0.26352,0.10736,0.0488,0.18056,0.31232,-0.28792,0.31232,0.20496,0.1708,0.10248,0.01464,0.1708
-0.2684,0.10248,0.06344,0.19764,0.33184,-0.30012,0.32208,0.20496,0.18544,0.10248,0.00976,0.15616
-0.2684,0.10248,0.06344,0.19764,0.33184,-0.30012,0.32208,0.18544,0.19032,0.10736,0.01464,0.15128
-0.2684,0.1098,0.0488,0.183,0.3172,-0.2928,0.31232,0.17568,0.17568,0.0976,0.00976,0.1464
-0.26352,0.10736,0.0488,0.18056,0.31232,-0.28792,0.30744,0.18544,0.16592,0.0976,0,0.15128
-0.26352,0.11224,0.03904,0.1708,0.30256,-0.28304,0.2928,0.19032,0.16104,0.0976,-0.00976,0.16104
-0.24888,0.09516,0.05856,0.183,0.30744,-0.27816,0.29768,0.18544,0.15616,0.10248,-0.00976,0.16592
-0.23424,0.08784,0.05856,0.17568,0.2928,-0.26352,0.28792,0.1708,0.14152,0.09272,-0.00976,0.15616
-0.2196,0.08052,0.05856,0.16836,0.27816,-0.24888,0.26352,0.17568,0.13664,0.09272,-0.00976,0.16592
-0.244,0.0976,0.0488,0.1708,0.2928,-0.2684,0.25864,0.18544,0.13176,0.08784,-0.00488,0.1464
-0.26352,0.1098,0.04392,0.17568,0.30744,-0.28548,0.25864,0.1708,0.11224,0.08296,-0.01952,0.13664
-0.2684,0.11712,0.03416,0.16836,0.30256,-0.28548,0.244,0.16104,0.10248,0.07808,-0.01952,0.15616
-0.23424,0.09516,0.04392,0.16104,0.27816,-0.2562,0.24888,0.17568,0.10248,0.08296,-0.00488,0.16592
-0.22448,0.08784,0.0488,0.16104,0.27328,-0.24888,0.2684,0.17568,0.09272,0.06344,-0.01952,0.18056
-0.25376,0.10736,0.03904,0.16592,0.2928,-0.27328,0.2928,0.16104,0.08296,0.06344,-0.02928,0.18056
-0.244,0.10736,0.02928,0.15128,0.27328,-0.25864,0.28792,0.18056,0.0732,0.05856,-0.04392,0.16592
-0.22448,0.09028,0.04392,0.15616,0.2684,-0.24644,0.2684,0.20496,0.06344,0.06832,-0.03904,0.18056
-0.23424,0.0976,0.03904,0.15616,0.27328,-0.25376,0.25376,0.19032,0.06344,0.06344,-0.03904,0.15616
-0.244,0.10492,0.03416,0.15616,0.27816,-0.26108,0.23912,0.19032,0.06344,0.05856,-0.03904,0.1464
-0.244,0.11224,0.01952,0.14152,0.26352,-0.25376,0.25376,0.1952,0.06832,0.06832,-0.0488,0.16592
-0.23912,0.10736,0.0244,0.14396,0.26352,-0.25132,0.25376,0.1952,0.06832,0.06832,-0.04392,0.18056
-0.23424,0.10004,0.03416,0.15128,0.2684,-0.25132,0.25864,0.20984,0.0732,0.06832,-0.04392,0.20008
-0.23424,0.10004,0.03416,0.15128,0.2684,-0.25132,0.25864,0.22936,0.08784,0.06832,-0.04392,0.20984
-0.2196,0.09272,0.03416,0.14396,0.25376,-0.23668,0.25864,0.244,0.0976,0.06832,-0.04392,0.20496
-0.22448,0.09516,0.03416,0.1464,0.25864,-0.24156,0.24888,0.25376,0.0976,0.06832,-0.05368,0.19032
-0.244,0.1098,0.0244,0.1464,0.2684,-0.2562,0.23912,0.244,0.0976,0.05368,-0.05856,0.1952
-0.23424,0.1098,0.01464,0.13176,0.24888,-0.24156,0.244,0.23912,0.09272,0.0488,-0.06344,0.18544
-0.23424,0.1098,0.01464,0.13176,0.24888,-0.24156,0.23424,0.25376,0.10248,0.0488,-0.05856,0.1952
-0.23424,0.10492,0.0244,0.14152,0.25864,-0.24644,0.24888,0.29768,0.11712,0.05856,-0.06344,0.1952
-0.20984,0.09272,0.0244,0.12932,0.23424,-0.22204,0.20984,0.29768,0.11224,0.05856,-0.06832,0.20496
-0.20008,0.08052,0.03904,0.13908,0.23912,-0.2196,0.18544,0.30744,0.122,0.05856,-0.05368,0.18056
-0.20984,0.0854,0.03904,0.14396,0.24888,-0.22936,0.1952,0.33672,0.122,0.06832,-0.0488,0.19032
-0.23424,0.0976,0.03904,0.15616,0.27328,-0.25376,0.1952,0.35624,0.122,0.06344,-0.05856,0.1952
-0.20984,0.08784,0.03416,0.13908,0.244,-0.22692,0.20496,0.366,0.12688,0.0732,-0.05368,0.20008
-0.21472,0.0854,0.04392,0.15128,0.25864,-0.23668,0.20984,0.40016,0.15128,0.08784,-0.05368,0.20008
-0.18056,0.061,0.05856,0.14884,0.23912,-0.20984,0.20984,0.43432,0.16104,0.0976,-0.02928,0.21472
-0.18056,0.06832,0.04392,0.1342,0.22448,-0.20252,0.20984,0.488,0.16592,0.10248,-0.03904,0.2196
-0.19032,0.07076,0.0488,0.14396,0.23912,-0.21472,0.20496,0.5124,0.16104,0.11224,-0.0244,0.20984
-0.17568,0.05856,0.05856,0.1464,0.23424,-0.20496,0.20008,0.51728,0.17568,0.122,-0.01464,0.20984
-0.16592,0.05368,0.05856,0.14152,0.22448,-0.1952,0.2196,0.51728,0.18056,0.122,-0.00976,0.22448
-0.15128,0.0488,0.05368,0.12932,0.20496,-0.17812,0.22448,0.53192,0.18056,0.13176,0.00488,0.2196
-0.13176,0.02928,0.0732,0.13908,0.20496,-0.16836,0.21472,0.54168,0.18056,0.15128,0.01952,0.21472
-0.11224,0.01464,0.08296,0.13908,0.1952,-0.15372,0.20008,0.54168,0.1708,0.15128,0.03416,0.2196
-0.11224,0.00488,0.10248,0.1586,0.21472,-0.16348,0.19032,0.54168,0.18544,0.1708,0.04392,0.24888
-0.09272,-0.00488,0.10248,0.14884,0.1952,-0.14396,0.18544,0.50264,0.18544,0.1708,0.05368,0.24888
-0.08296,-0.00488,0.09272,0.1342,0.17568,-0.12932,0.19032,0.48312,0.17568,0.1708,0.05368,0.24888
-0.09272,-0.00732,0.10736,0.15372,0.20008,-0.1464,0.18544,0.45384,0.16104,0.17568,0.05856,0.2684
-0.08296,-0.00732,0.0976,0.13908,0.18056,-0.13176,0.16592,0.40992,0.14152,0.16592,0.0488,0.2928
-0.0732,-0.01708,0.10736,0.14396,0.18056,-0.12688,0.14152,0.35624,0.122,0.14152,0.03904,0.29768
-0.08296,-0.00976,0.10248,0.14396,0.18544,-0.1342,0.13176,0.32208,0.10736,0.14152,0.03416,0.2928
-0.08296,-0.00732,0.0976,0.13908,0.18056,-0.13176,0.122,0.2928,0.0976,0.14152,0.02928,0.30256
-0.13176,0.01952,0.09272,0.1586,0.22448,-0.17812,0.10248,0.24888,0.10248,0.13664,0.03416,0.31232
-0.10736,0.00244,0.10248,0.15616,0.20984,-0.1586,0.08784,0.21472,0.09272,0.14152,0.03416,0.33184
-0.10736,0.00488,0.0976,0.15128,0.20496,-0.15616,0.09272,0.20496,0.06832,0.12688,0.03416,0.30744
-0.10736,0,0.10736,0.16104,0.21472,-0.16104,0.08784,0.19032,0.05856,0.11712,0.01952,0.31232
-0.122,0.00488,0.11224,0.17324,0.23424,-0.17812,0.0976,0.18056,0.05856,0.11712,0.03416,0.32208
-0.13176,0.01708,0.0976,0.16348,0.22936,-0.18056,0.13664,0.15616,0.04392,0.122,0.03416,0.3172
-0.13176,0.01464,0.10248,0.16836,0.23424,-0.183,0.13176,0.13176,0.03904,0.11224,0.01952,0.32696
-0.11712,0.00488,0.10736,0.16592,0.22448,-0.1708,0.10736,0.11224,0.03416,0.10248,-0.00488,0.32208
-0.13664,0.02684,0.08296,0.15128,0.2196,-0.17812,0.10248,0.09272,0.01464,0.08784,-0.00976,0.3172
-0.16104,0.05368,0.05368,0.1342,0.21472,-0.18788,0.08784,0.08296,0,0.0732,-0.00976,0.32208
-0.16592,0.05612,0.05368,0.13664,0.2196,-0.19276,0.08296,0.09272,-0.00488,0.07808,0,0.33184
-0.15616,0.05124,0.05368,0.13176,0.20984,-0.183,0.07808,0.09272,-0.00488,0.0976,0,0.33184
-0.1464,0.04148,0.06344,0.13664,0.20984,-0.17812,0.06832,0.0976,0.00488,0.09272,0.00488,0.3172
-0.13664,0.03172,0.0732,0.14152,0.20984,-0.17324,0.06832,0.0976,0.01464,0.06344,0,0.3172
-0.13664,0.03416,0.06832,0.13664,0.20496,-0.1708,0.04392,0.08784,0.0244,0.07808,-0.00488,0.32208
-0.1464,0.04148,0.06344,0.13664,0.20984,-0.17812,0.0488,0.0732,0.01952,0.08296,-0.00976,0.32696
-0.16592,0.061,0.04392,0.12688,0.20984,-0.18788,0.0488,0.07808,0.00488,0.09272,-0.00976,0.30744
-0.1708,0.06588,0.03904,0.12444,0.20984,-0.19032,0.03416,0.06344,0.00488,0.06832,-0.0244,0.28304
-0.15616,0.05368,0.0488,0.12688,0.20496,-0.18056,0.04392,0.07808,0.00488,0.0732,-0.00976,0.3172
-0.14152,0.04636,0.0488,0.11956,0.19032,-0.16592,0.06344,0.0976,0.00488,0.0976,0.00488,0.33672
-0.14152,0.04392,0.05368,0.12444,0.1952,-0.16836,0.0488,0.09272,-0.00488,0.0976,0.00976,0.31232
-0.122,0.03416,0.05368,0.11468,0.17568,-0.14884,0.03416,0.08296,-0.02928,0.07808,0.00976,0.2928
-0.1464,0.05124,0.04392,0.11712,0.19032,-0.16836,0.01464,0.08784,-0.0244,0.08296,0.01952,0.32208
-0.16104,0.05612,0.0488,0.12932,0.20984,-0.18544,-0.01464,0.0976,-0.01464,0.08784,0.03416,0.33184
-0.1708,0.05856,0.05368,0.13908,0.22448,-0.19764,-0.00488,0.10736,-0.01952,0.07808,0.01952,0.34648
-0.1464,0.0488,0.0488,0.122,0.1952,-0.1708,0,0.12688,-0.00976,0.07808,-0.00488,0.34648
-0.1464,0.05124,0.04392,0.11712,0.19032,-0.16836,-0.01952,0.11224,-0.03416,0.0732,0.00488,0.32696
-0.13176,0.04392,0.04392,0.1098,0.17568,-0.15372,-0.0244,0.10736,-0.04392,0.05856,-0.00976,0.3172
-0.11224,0.02928,0.05368,0.1098,0.16592,-0.13908,-0.03416,0.11712,-0.04392,0.07808,-0.00488,0.32696
-0.10736,0.01708,0.0732,0.12688,0.18056,-0.14396,-0.03904,0.14152,-0.03416,0.08784,0.00488,0.34648
-0.122,0.01708,0.08784,0.14884,0.20984,-0.16592,-0.06344,0.15128,-0.01952,0.0976,0.03416,0.34648
-0.122,0.0244,0.0732,0.1342,0.1952,-0.1586,-0.0732,0.16592,-0.02928,0.10736,0.0488,0.3416
-0.11224,0.01952,0.0732,0.12932,0.18544,-0.14884,-0.0732,0.15128,-0.0244,0.122,0.08784,0.32696
-0.12688,0.03172,0.06344,0.12688,0.19032,-0.1586,-0.0732,0.15616,-0.01464,0.11712,0.08784,0.3172
-0.122,0.0244,0.0732,0.1342,0.1952,-0.1586,-0.08784,0.1708,0,0.122,0.07808,0.33184
-0.13176,0.03172,0.06832,0.1342,0.20008,-0.16592,-0.09272,0.16592,0.01464,0.12688,0.07808,0.35624
-0.09272,0,0.09272,0.13908,0.18544,-0.13908,-0.10248,0.19032,0.0244,0.13176,0.06832,0.366
-0.11712,0.00976,0.0976,0.15616,0.21472,-0.16592,-0.10248,0.1952,0.03904,0.12688,0.0976,0.35624
-0.09272,-0.01708,0.12688,0.17324,0.2196,-0.15616,-0.11224,0.17568,0.05368,0.13664,0.11712,0.36112
-0.07808,-0.03172,0.14152,0.18056,0.2196,-0.14884,-0.10248,0.18544,0.07808,0.16104,0.13176,0.35136
-0.06344,-0.04636,0.15616,0.18788,0.2196,-0.14152,-0.12688,0.16104,0.06832,0.16592,0.13176,0.366
-0.05856,-0.05368,0.16592,0.1952,0.22448,-0.14152,-0.12688,0.18056,0.06832,0.17568,0.13176,0.37576
-0.07808,-0.03904,0.15616,0.1952,0.23424,-0.15616,-0.12688,0.1708,0.0732,0.1708,0.14152,0.38064
-0.07808,-0.03904,0.15616,0.1952,0.23424,-0.15616,-0.13664,0.18544,0.06344,0.1708,0.13664,0.37088
-0.06344,-0.05368,0.1708,0.20252,0.23424,-0.14884,-0.14152,0.18544,0.0732,0.16104,0.13664,0.3904
-0.05368,-0.07076,0.1952,0.22204,0.24888,-0.15128,-0.13664,0.16592,0.06832,0.15128,0.13176,0.40016
-0.03904,-0.0732,0.18544,0.20496,0.22448,-0.13176,-0.13664,0.16592,0.08296,0.15616,0.13176,0.40992
-0.03416,-0.07564,0.18544,0.20252,0.2196,-0.12688,-0.1464,0.18056,0.08784,0.16592,0.14152,0.40992
-0.03416,-0.07564,0.18544,0.20252,0.2196,-0.12688,-0.16592,0.18056,0.05856,0.16592,0.14152,0.39528
-0.02928,-0.07808,0.18544,0.20008,0.21472,-0.122,-0.20008,0.1708,0.06832,0.16592,0.13664,0.3904
-0.02928,-0.07808,0.18544,0.20008,0.21472,-0.122,-0.22936,0.16104,0.06832,0.16592,0.13664,0.3904
-0.01952,-0.08052,0.18056,0.19032,0.20008,-0.1098,-0.2684,0.15128,0.05368,0.16592,0.1464,0.38064
-0.03904,-0.061,0.16104,0.18056,0.20008,-0.11956,-0.28792,0.14152,0.05368,0.15616,0.13664,0.35624
-0.00976,-0.07808,0.16592,0.1708,0.17568,-0.09272,-0.2928,0.122,0.0488,0.1464,0.13664,0.37576
-0.01952,-0.0732,0.16592,0.17568,0.18544,-0.10248,-0.29768,0.10248,0.0488,0.1464,0.13664,0.38064
0.00488,-0.09272,0.18056,0.17812,0.17568,-0.0854,-0.31232,0.10248,0.05856,0.15616,0.13664,0.39528
0.01952,-0.10736,0.1952,0.18544,0.17568,-0.07808,-0.33184,0.122,0.05856,0.15616,0.13176,0.3904
-0.00488,-0.08296,0.1708,0.17324,0.17568,-0.09028,-0.366,0.122,0.05856,0.15616,0.12688,0.38552
-0.03904,-0.05368,0.1464,0.16592,0.18544,-0.11224,-0.37576,0.0976,0.0488,0.14152,0.12688,0.3904
-0.03416,-0.04392,0.122,0.13908,0.15616,-0.09516,-0.38064,0.0976,0.04392,0.122,0.12688,0.38064
-0.03904,-0.02928,0.0976,0.11712,0.13664,-0.08784,-0.3904,0.0976,0.02928,0.11224,0.10736,0.37576
-0.02928,-0.03904,0.10736,0.122,0.13664,-0.08296,-0.39528,0.0976,0.0244,0.122,0.10248,0.38064
-0.00488,-0.061,0.12688,0.12932,0.13176,-0.06832,-0.37576,0.10248,0.0244,0.122,0.11224,0.40016
-0.02928,-0.03416,0.0976,0.11224,0.12688,-0.07808,-0.3904,0.08296,0.00976,0.0976,0.08784,0.35624
-0.09272,0.03416,0.0244,0.07076,0.11712,-0.10492,-0.40992,0.07808,-0.00488,0.0732,0.06832,0.3416
-0.10736,0.05124,0.00488,0.05856,0.11224,-0.1098,-0.40992,0.07808,-0.00488,0.07808,0.0732,0.37088
-0.10736,0.04392,0.01952,0.0732,0.12688,-0.11712,-0.37088,0.06832,0,0.07808,0.08296,0.366
-0.11712,0.05124,0.01464,0.0732,0.13176,-0.12444,-0.366,0.06344,0,0.06832,0.0732,0.3416
-0.12688,0.05612,0.01464,0.07808,0.14152,-0.1342,-0.366,0.06344,0,0.06832,0.0732,0.33184
-0.13664,0.05856,0.01952,0.08784,0.15616,-0.1464,-0.35624,0.0732,-0.00488,0.0732,0.07808,0.32208
-0.11712,0.04148,0.03416,0.09272,0.15128,-0.1342,-0.3416,0.0732,0.00488,0.06832,0.07808,0.30256
-0.0976,0.01952,0.05856,0.10736,0.15616,-0.12688,-0.33184,0.08784,0.00488,0.0732,0.08296,0.3172
-0.09272,0.01952,0.05368,0.10004,0.1464,-0.11956,-0.32696,0.10248,0.00976,0.06832,0.08296,0.32696
-0.08296,0.0122,0.05856,0.10004,0.14152,-0.11224,-0.30744,0.08784,0.02928,0.0732,0.08784,0.33184
-0.06832,-0.00244,0.0732,0.10736,0.14152,-0.10492,-0.2684,0.08784,0.03904,0.08296,0.08784,0.32696
-0.06344,-0.00732,0.07808,0.1098,0.14152,-0.10248,-0.2684,0.10248,0.03904,0.08784,0.09272,0.3172
-0.0732,0,0.0732,0.1098,0.1464,-0.1098,-0.26352,0.10248,0.03904,0.09272,0.09272,0.3172
-0.0732,0,0.0732,0.1098,0.1464,-0.1098,-0.25376,0.11224,0.04392,0.07808,0.09272,0.3172
-0.0732,0.00732,0.05856,0.09516,0.13176,-0.10248,-0.244,0.10736,0.0488,0.08296,0.09272,0.32696
-0.05856,-0.00732,0.0732,0.10248,0.13176,-0.09516,-0.22448,0.10736,0.05856,0.0732,0.09272,0.32208
-0.0488,-0.00732,0.06344,0.08784,0.11224,-0.08052,-0.22448,0.09272,0.05368,0.0732,0.07808,0.32208
-0.03904,-0.01952,0.07808,0.0976,0.11712,-0.07808,-0.20984,0.08784,0.06344,0.0732,0.07808,0.31232
-0.03416,-0.0244,0.08296,0.10004,0.11712,-0.07564,-0.19032,0.0976,0.06832,0.0732,0.08784,0.2928
-0.02928,-0.02928,0.08784,0.10248,0.11712,-0.0732,-0.1952,0.0976,0.07808,0.08296,0.07808,0.29768
-0.03416,-0.02684,0.08784,0.10492,0.122,-0.07808,-0.20496,0.08784,0.07808,0.08296,0.07808,0.31232
-0.02928,-0.03172,0.09272,0.10736,0.122,-0.07564,-0.20008,0.08296,0.06832,0.07808,0.08296,0.30744
-0.02928,-0.03172,0.09272,0.10736,0.122,-0.07564,-0.18544,0.06832,0.06832,0.06832,0.08784,0.28304
-0.0244,-0.03172,0.08784,0.10004,0.11224,-0.06832,-0.19032,0.07808,0.06832,0.0732,0.08296,0.28304
-0.01952,-0.0366,0.09272,0.10248,0.11224,-0.06588,-0.15616,0.08784,0.06832,0.0732,0.08296,0.2928
-0.02928,-0.03172,0.09272,0.10736,0.122,-0.07564,-0.15616,0.08784,0.08784,0.08296,0.10248,0.27328
-0.0488,0,0.0488,0.0732,0.0976,-0.0732,-0.18544,0.0976,0.08296,0.08296,0.0976,0.28792
-0.0488,-0.00976,0.06832,0.09272,0.11712,-0.08296,-0.18544,0.15128,0.0732,0.08296,0.10736,0.28304
-0.00488,-0.03416,0.0732,0.07564,0.07808,-0.04148,-0.15128,0.22936,0.08784,0.08296,0.10736,0.3172
-0.02928,-0.0244,0.07808,0.09272,0.10736,-0.06832,-0.06832,0.42456,0.13664,0.08296,0.09272,0.20984
-0.06344,-0.01952,0.10248,0.1342,0.16592,-0.11468,-0.0488,0.42456,0.16104,0.10248,0.08784,0.1952
-0.08784,-0.04636,0.18056,0.22448,0.2684,-0.17812,0.01952,0.40504,0.30744,0.16592,0.0976,0.28792
-0.05368,-0.08784,0.22936,0.2562,0.28304,-0.16836,-0.01952,0.20008,0.24888,0.17568,0.13664,0.2928
0.03904,-0.1708,0.30256,0.28304,0.26352,-0.11224,-0.11712,0.06832,0.23912,0.25376,0.25376,0.37088
0.2196,-0.26596,0.31232,0.20252,0.09272,0.06344,-0.25864,-0.00488,0.16592,0.27328,0.33184,0.4148
0.50264,-0.46116,0.41968,0.16836,-0.08296,0.2928,-0.53192,-0.28792,0.0976,0.35624,0.43432,0.51728
0.72224,-0.63196,0.54168,0.18056,-0.18056,0.4514,-0.83448,-0.79544,-0.03416,0.43432,0.61488,0.83936
0.81984,-0.72712,0.6344,0.22448,-0.18544,0.50264,-1.1468,-1.63968,-0.26352,0.46848,0.8052,1.16632
0.81496,-0.6588,0.50264,0.09516,-0.31232,0.56364,-1.22976,-2.10328,-0.488,0.27816,0.67832,1.21512
0.50264,-0.44164,0.38064,0.12932,-0.122,0.31232,-1.06384,-2.15208,-0.59536,0.08784,0.488,1.13216
0.13176,-0.17812,0.22448,0.1586,0.09272,0.01952,-0.84424,-1.87392,-0.68808,-0.08296,0.2684,1.01992
-0.04392,-0.0244,0.09272,0.11468,0.13664,-0.09028,-0.69784,-1.31272,-0.5368,-0.13664,0.09272,0.71736
-0.08784,0.04148,0.00488,0.0488,0.09272,-0.09028,-0.57584,-0.81984,-0.35624,-0.13176,0.02928,0.44408
-0.15616,0.10736,-0.05856,0.01952,0.0976,-0.12688,-0.43432,-0.42944,-0.20984,-0.10736,-0.03904,0.28304
-0.18056,0.1342,-0.08784,0.00244,0.09272,-0.13664,-0.26352,-0.1464,-0.11712,-0.10248,-0.0732,0.16104
-0.20984,0.13908,-0.06832,0.0366,0.14152,-0.17568,-0.17568,-0.0244,-0.01952,-0.03416,0.00488,0.20984
-0.122,0.05124,0.01952,0.08052,0.14152,-0.13176,-0.19032,0.05368,0.02928,0.0244,0.08296,0.2684
-0.08784,0.02684,0.03416,0.07808,0.122,-0.10492,-0.18056,0.13664,0.04392,0.0488,0.0976,0.23424
-0.06344,0.00976,0.04392,0.07564,0.10736,-0.0854,-0.14152,0.1708,0.05368,0.0488,0.08784,0.26352
-0.06832,0.00488,0.05856,0.09272,0.12688,-0.0976,-0.12688,0.16104,0.06832,0.05368,0.09272,0.244
-0.05856,-0.00244,0.06344,0.09272,0.122,-0.09028,-0.10736,0.14152,0.07808,0.05856,0.09272,0.20984
-0.06344,0.00732,0.0488,0.08052,0.11224,-0.08784,-0.11224,0.13664,0.05368,0.0488,0.08296,0.1952
-0.03416,-0.01464,0.06344,0.08052,0.0976,-0.06588,-0.10736,0.15128,0.05856,0.03416,0.0732,0.22936
-0.04392,-0.00976,0.06344,0.0854,0.10736,-0.07564,-0.06832,0.13176,0.05856,0.03904,0.06832,0.22936
-0.03904,-0.00488,0.0488,0.06832,0.08784,-0.06344,-0.08296,0.122,0.04392,0.03416,0.07808,0.22448
-0.0732,0.02196,0.02928,0.06588,0.10248,-0.08784,-0.10248,0.13176,0.02928,0.0244,0.07808,0.22448
-0.05856,0.01952,0.01952,0.0488,0.07808,-0.06832,-0.10736,0.13664,0.0244,0.02928,0.06832,0.22448
-0.06832,0.01708,0.03416,0.06832,0.10248,-0.0854,-0.08784,0.12688,0.02928,0.03416,0.06832,0.23424
-0.0488,-0.00488,0.05856,0.08296,0.10736,-0.07808,-0.05368,0.13176,0.03904,0.03904,0.07808,0.23424
-0.01464,-0.04148,0.0976,0.10492,0.11224,-0.06344,-0.03904,0.13664,0.02928,0.0488,0.0976,0.23424
0.01952,-0.06588,0.11224,0.10248,0.09272,-0.0366,-0.03904,0.15616,0.0244,0.03904,0.10248,0.244
-0.01464,-0.04148,0.0976,0.10492,0.11224,-0.06344,-0.04392,0.16592,0.01952,0.0244,0.07808,0.244
-0.02928,-0.0244,0.07808,0.09272,0.10736,-0.06832,-0.04392,0.1464,0.00976,0.00976,0.05368,0.23424
-0.0488,-0.00244,0.05368,0.07808,0.10248,-0.07564,-0.0488,0.1464,0.01952,0.00488,0.05856,0.23424
-0.00488,-0.03904,0.08296,0.0854,0.08784,-0.04636,-0.03904,0.16104,0.0488,0.04392,0.0732,0.25376
0,-0.05368,0.10736,0.10736,0.10736,-0.05368,-0.0244,0.1708,0.0732,0.04392,0.08784,0.25864
-0.00488,-0.05368,0.11224,0.11468,0.11712,-0.061,-0.00488,0.15616,0.0732,0.03904,0.08784,0.23424
0.03416,-0.08296,0.13176,0.11468,0.0976,-0.03172,-0.00976,0.15616,0.0732,0.03416,0.08296,0.21472
-0.00488,-0.0488,0.10248,0.10492,0.10736,-0.05612,-0.0244,0.1464,0.05856,0.02928,0.08296,0.20496
-0.08784,0.0366,0.01464,0.05856,0.10248,-0.09516,-0.05368,0.14152,0.02928,0,0.06344,0.19032
-0.10736,0.06588,-0.0244,0.02928,0.08296,-0.09516,-0.05856,0.1464,0.0244,-0.01464,0.04392,0.19032
-0.10736,0.05856,-0.00976,0.04392,0.0976,-0.10248,-0.04392,0.16104,0.02928,-0.0244,0.03904,0.20008
-0.07808,0.0366,0.00488,0.04392,0.08296,-0.08052,-0.02928,0.16592,0.03904,-0.01952,0.01952,0.21472
-0.05856,0.02196,0.01464,0.04392,0.0732,-0.06588,-0.01952,0.16104,0.05368,-0.01952,0.01464,0.2196
-0.03416,0.00732,0.01952,0.0366,0.05368,-0.04392,-0.01464,0.19032,0.06832,-0.01464,0.03416,0.22448
-0.03904,0.00488,0.02928,0.0488,0.06832,-0.05368,-0.01464,0.20008,0.06832,-0.00488,0.03416,0.21472
-0.02928,-0.00732,0.04392,0.05856,0.0732,-0.05124,-0.03416,0.22448,0.08296,0.01464,0.04392,0.1952
-0.05856,0.0122,0.03416,0.06344,0.09272,-0.07564,-0.02928,0.22448,0.08784,0.01464,0.05368,0.17568
-0.05856,0.00732,0.04392,0.0732,0.10248,-0.08052,-0.02928,0.20984,0.0976,0.00488,0.04392,0.18544
-0.05856,0.00244,0.05368,0.08296,0.11224,-0.0854,-0.01464,0.22936,0.10736,-0.00488,0.01952,0.18544
-0.03904,-0.00732,0.05368,0.0732,0.09272,-0.06588,-0.00976,0.26352,0.13176,0.01464,0.02928,0.18544
-0.02928,-0.01464,0.05856,0.0732,0.08784,-0.05856,-0.01464,0.27816,0.1464,0.0244,0.0732,0.1708
-0.0488,0,0.0488,0.0732,0.0976,-0.0732,-0.00488,0.27816,0.1464,0.0244,0.08784,0.15616
-0.08784,0.04392,0,0.04392,0.08784,-0.08784,0.00488,0.27816,0.13664,0.00976,0.0488,0.14152
-0.09272,0.0366,0.01952,0.06588,0.11224,-0.10248,0.00976,0.29768,0.1464,-0.00488,0.03904,0.16592
-0.06344,0.0244,0.01464,0.04636,0.07808,-0.07076,0.00976,0.34648,0.16592,0,0.04392,0.17568
-0.01464,-0.02928,0.0732,0.08052,0.08784,-0.05124,0.0244,0.37576,0.18056,0.0244,0.0732,0.16592
0.00976,-0.061,0.11224,0.10736,0.10248,-0.04636,0.03904,0.40992,0.19032,0.05368,0.09272,0.16592
-0.02928,-0.02196,0.0732,0.08784,0.10248,-0.06588,0.0244,0.4392,0.18056,0.06344,0.07808,0.13664
-0.09272,0.04148,0.00976,0.05612,0.10248,-0.0976,-0.01464,0.45872,0.18056,0.06344,0.06832,0.11224
-0.0732,0.01952,0.03416,0.07076,0.10736,-0.09028,-0.01464,0.49288,0.20008,0.07808,0.08784,0.10248
-0.03416,-0.0244,0.08296,0.10004,0.11712,-0.07564,0.00488,0.52704,0.21472,0.08784,0.11224,0.11712
0.01952,-0.06344,0.10736,0.0976,0.08784,-0.03416,0,0.52704,0.20496,0.09272,0.11224,0.14152
0.00976,-0.04636,0.08296,0.07808,0.0732,-0.03172,-0.0244,0.49776,0.18544,0.08784,0.10248,0.17568
0.00976,-0.04392,0.07808,0.0732,0.06832,-0.02928,-0.04392,0.48312,0.1952,0.09272,0.122,0.1952
0.00488,-0.04148,0.07808,0.07564,0.0732,-0.03416,-0.06344,0.45384,0.18544,0.09272,0.14152,0.1952
0.0488,-0.0732,0.0976,0.0732,0.0488,0,-0.05368,0.44896,0.19032,0.11224,0.15616,0.20496
0.07808,-0.10736,0.13664,0.0976,0.05856,0.00976,-0.05856,0.45872,0.20008,0.12688,0.16592,0.2196
0.09272,-0.12444,0.15616,0.1098,0.06344,0.01464,-0.0732,0.43432,0.20008,0.13664,0.18056,0.23424
0.09272,-0.12688,0.16104,0.11468,0.06832,0.0122,-0.08296,0.39528,0.1952,0.13664,0.19032,0.22936
0.11224,-0.14884,0.18544,0.12932,0.0732,0.01952,-0.10248,0.36112,0.19032,0.122,0.19032,0.23912
0.15128,-0.183,0.21472,0.13908,0.06344,0.04392,-0.11712,0.32696,0.18056,0.12688,0.18544,0.27328
0.15128,-0.18056,0.20984,0.1342,0.05856,0.04636,-0.122,0.2928,0.17568,0.122,0.17568,0.28304
0.1464,-0.17812,0.20984,0.13664,0.06344,0.04148,-0.122,0.25376,0.16592,0.0976,0.16592,0.2684
0.13664,-0.17324,0.20984,0.14152,0.0732,0.03172,-0.122,0.22448,0.15128,0.10248,0.14152,0.27328
0.12688,-0.16592,0.20496,0.14152,0.07808,0.0244,-0.122,0.1952,0.14152,0.09272,0.14152,0.25864
0.10736,-0.15616,0.20496,0.15128,0.0976,0.00488,-0.1464,0.15616,0.13664,0.0976,0.12688,0.26352
0.0976,-0.13664,0.17568,0.12688,0.07808,0.00976,-0.13176,0.14152,0.122,0.08296,0.13176,0.26352
0.0976,-0.13664,0.17568,0.12688,0.07808,0.00976,-0.10736,0.11712,0.13176,0.09272,0.122,0.2684
0.10736,-0.1586,0.20984,0.15616,0.10248,0.00244,-0.0976,0.122,0.12688,0.09272,0.122,0.27816
0.10736,-0.16104,0.21472,0.16104,0.10736,0,-0.11224,0.11224,0.10736,0.0976,0.10736,0.25864
0.08784,-0.13664,0.18544,0.14152,0.0976,-0.00488,-0.13176,0.08296,0.0976,0.0976,0.10736,0.25376
0.07808,-0.12932,0.18056,0.14152,0.10248,-0.0122,-0.14152,0.07808,0.10248,0.08296,0.11224,0.26352
0.06832,-0.12932,0.19032,0.15616,0.122,-0.02684,-0.122,0.08784,0.10736,0.10248,0.122,0.27328
0.0732,-0.14152,0.20984,0.17324,0.13664,-0.03172,-0.10248,0.08784,0.10248,0.10736,0.122,0.25864
0.08296,-0.1464,0.20984,0.16836,0.12688,-0.02196,-0.09272,0.07808,0.10248,0.07808,0.11712,0.24888
0.06832,-0.13664,0.20496,0.1708,0.13664,-0.03416,-0.08296,0.05368,0.09272,0.06344,0.11712,0.23912
0.05856,-0.122,0.18544,0.15616,0.12688,-0.03416,-0.05368,0.03416,0.08784,0.0732,0.10736,0.23424
0.05368,-0.10736,0.16104,0.1342,0.10736,-0.02684,-0.02928,0.04392,0.09272,0.06344,0.10248,0.24888
0.03904,-0.09028,0.14152,0.122,0.10248,-0.03172,-0.03416,0.03904,0.09272,0.0488,0.09272,0.23424
0.03416,-0.08052,0.12688,0.1098,0.09272,-0.02928,-0.0244,0.02928,0.08296,0.03416,0.0732,0.2196
0.03904,-0.08296,0.12688,0.10736,0.08784,-0.0244,-0.01464,0.06832,0.08296,0.03904,0.06832,0.21472
0.03904,-0.08296,0.12688,0.10736,0.08784,-0.0244,-0.00976,0.06344,0.08296,0.03904,0.05856,0.20984
0.03416,-0.07808,0.122,0.10492,0.08784,-0.02684,0.00488,0.05856,0.07808,0.0244,0.06832,0.1952
0.05368,-0.0854,0.11712,0.09028,0.06344,-0.00488,0.00976,0.0488,0.07808,0.0244,0.05856,0.20008
0.03416,-0.08296,0.13176,0.11468,0.0976,-0.03172,0.01952,0.0488,0.08784,0.03904,0.06344,0.20496
0.04392,-0.09028,0.13664,0.11468,0.09272,-0.0244,0.02928,0.06344,0.08296,0.0488,0.07808,0.1952
0.03904,-0.09028,0.14152,0.122,0.10248,-0.03172,0.03904,0.06344,0.0976,0.0488,0.07808,0.20008
0.01952,-0.06588,0.11224,0.10248,0.09272,-0.0366,0.04392,0.08296,0.08784,0.05368,0.05368,0.19032
-0.01952,-0.03416,0.08784,0.0976,0.10736,-0.06344,0.03416,0.09272,0.07808,0.0244,0.04392,0.17568
-0.00488,-0.02928,0.06344,0.06588,0.06832,-0.0366,0.03904,0.08784,0.06344,0.01952,0.03416,0.18544
0,-0.03416,0.06832,0.06832,0.06832,-0.03416,0.0488,0.09272,0.06344,0.01952,0.03416,0.18544
0.00976,-0.04392,0.07808,0.0732,0.06832,-0.02928,0.06344,0.08784,0.0732,0.0244,0.04392,0.18056
-0.00976,-0.03172,0.0732,0.07808,0.08296,-0.04636,0.08784,0.08296,0.07808,0.0488,0.04392,0.17568
0,-0.03904,0.07808,0.07808,0.07808,-0.03904,0.10736,0.08784,0.07808,0.04392,0.0488,0.17568
0.01464,-0.05856,0.10248,0.09516,0.08784,-0.0366,0.11712,0.06832,0.09272,0.03904,0.05368,0.18056
0.00488,-0.04636,0.08784,0.0854,0.08296,-0.03904,0.13176,0.09272,0.08784,0.03416,0.0488,0.16592
-0.00488,-0.02928,0.06344,0.06588,0.06832,-0.0366,0.122,0.07808,0.08784,0.03416,0.0488,0.1708
-0.00976,-0.02684,0.06344,0.06832,0.0732,-0.04148,0.13664,0.07808,0.08296,0.05368,0.0488,0.18056
0.00976,-0.03904,0.06832,0.06344,0.05856,-0.0244,0.15128,0.06344,0.08784,0.05368,0.05856,0.19032
-0.0244,-0.04148,0.10736,0.11956,0.13176,-0.07808,0.17568,0.0732,0.11224,0.05856,0.0732,0.1952
0.03904,-0.08296,0.12688,0.10736,0.08784,-0.0244,0.18544,0.0732,0.122,0.06344,0.0732,0.1952
0.03904,-0.09028,0.14152,0.122,0.10248,-0.03172,0.20496,0.11224,0.13176,0.0732,0.0732,0.20008
0.04392,-0.08784,0.13176,0.1098,0.08784,-0.02196,0.20984,0.12688,0.14152,0.06832,0.0732,0.20496
0.01464,-0.07564,0.13664,0.12932,0.122,-0.05368,0.23424,0.13176,0.15616,0.0732,0.09272,0.22936
0,-0.06344,0.12688,0.12688,0.12688,-0.06344,0.23424,0.10248,0.15616,0.08296,0.08784,0.23424
-0.00976,-0.05368,0.11712,0.122,0.12688,-0.06832,0.23912,0.12688,0.17568,0.09272,0.09272,0.22936
-0.01952,-0.061,0.14152,0.15128,0.16104,-0.09028,0.244,0.12688,0.18056,0.11224,0.10248,0.244
-0.0244,-0.061,0.1464,0.1586,0.1708,-0.0976,0.26352,0.12688,0.20008,0.11712,0.11224,0.244
-0.00976,-0.06832,0.1464,0.15128,0.15616,-0.08296,0.28304,0.13176,0.20008,0.11712,0.11712,0.244
0.01464,-0.09516,0.17568,0.16836,0.16104,-0.0732,0.28304,0.13176,0.22936,0.11712,0.122,0.25376
0.01952,-0.08784,0.15616,0.1464,0.13664,-0.05856,0.244,0.13176,0.22936,0.11712,0.11712,0.244
0.01952,-0.08784,0.15616,0.1464,0.13664,-0.05856,0.244,0.122,0.2196,0.11712,0.11712,0.244
0.02928,-0.08784,0.1464,0.13176,0.11712,-0.04392,0.25864,0.10248,0.20984,0.11712,0.11712,0.23424
0.00976,-0.0732,0.13664,0.13176,0.12688,-0.05856,0.27816,0.09272,0.20984,0.10736,0.10736,0.20984
0.03904,-0.09516,0.15128,0.13176,0.11224,-0.0366,0.30744,0.06832,0.1952,0.0976,0.10248,0.2196
0.0488,-0.10492,0.16104,0.13664,0.11224,-0.03172,0.33184,0.03904,0.1952,0.0976,0.09272,0.22448
0.07808,-0.12932,0.18056,0.14152,0.10248,-0.0122,0.33184,0.03904,0.1952,0.0976,0.08784,0.21472
0.08296,-0.12932,0.17568,0.1342,0.09272,-0.00488,0.33184,0.0488,0.1952,0.0976,0.08296,0.20008
0.0732,-0.1098,0.1464,0.1098,0.0732,0,0.3416,0.05368,0.17568,0.07808,0.08296,0.18544
0.05856,-0.09516,0.13176,0.10248,0.0732,-0.00732,0.36112,0.0488,0.16592,0.06344,0.0732,0.18056
0.08296,-0.11224,0.14152,0.10004,0.05856,0.0122,0.3904,0.0488,0.15616,0.06344,0.07808,0.17568
0.07808,-0.10736,0.13664,0.0976,0.05856,0.00976,0.40016,0.02928,0.15128,0.0732,0.07808,0.1708
0.0732,-0.10248,0.13176,0.09516,0.05856,0.00732,0.40504,0.01952,0.16104,0.08784,0.08296,0.16592
0.06832,-0.09516,0.122,0.08784,0.05368,0.00732,0.42456,0.0244,0.16104,0.0976,0.09272,0.18544
0.05856,-0.08296,0.10736,0.07808,0.0488,0.00488,0.4392,0.01952,0.14152,0.07808,0.0732,0.16592
0.05368,-0.0732,0.09272,0.06588,0.03904,0.00732,0.45872,0.0244,0.13664,0.05368,0.06344,0.16104
0.03416,-0.061,0.08784,0.07076,0.05368,-0.00976,0.45384,0.03416,0.12688,0.05368,0.0488,0.17568
0.00488,-0.03904,0.0732,0.07076,0.06832,-0.03172,0.48312,0.03416,0.122,0.04392,0.0488,0.15128
-0.00976,-0.02684,0.06344,0.06832,0.0732,-0.04148,0.50752,0.02928,0.11224,0.03904,0.03416,0.14152
0,-0.03172,0.06344,0.06344,0.06344,-0.03172,0.5368,0.01952,0.10248,0.03904,0.03416,0.14152
0,-0.02928,0.05856,0.05856,0.05856,-0.02928,0.56608,0.00976,0.08784,0.0488,0.0244,0.14152
0,-0.02684,0.05368,0.05368,0.05368,-0.02684,0.61,0,0.08784,0.03416,0.01464,0.13176
-0.00488,-0.01952,0.04392,0.04636,0.0488,-0.02684,0.64416,0.00488,0.07808,0.02928,0.00488,0.122
-0.02928,0,0.02928,0.04392,0.05856,-0.04392,0.64904,0.00976,0.0732,0.01464,0.00488,0.11224
-0.0488,0.01708,0.01464,0.03904,0.06344,-0.05612,0.66856,0.01464,0.0732,0.01464,0.00976,0.11712
-0.04392,0.0122,0.01952,0.04148,0.06344,-0.05368,0.68808,0.0244,0.0732,0.0244,0.00976,0.11224
-0.03416,0.00244,0.02928,0.04636,0.06344,-0.0488,0.69784,0.02928,0.0732,0.01952,0.00488,0.122
-0.04392,0.00976,0.0244,0.04636,0.06832,-0.05612,0.70272,0.01952,0.06344,0.0244,0.00488,0.122
-0.05368,0.02196,0.00976,0.0366,0.06344,-0.05856,0.69296,0.01464,0.05368,0.00488,-0.01464,0.11224
-0.05368,0.03416,-0.01464,0.0122,0.03904,-0.04636,0.6832,0.00976,0.03904,0,-0.01464,0.10248
-0.06344,0.03416,-0.00488,0.02684,0.05856,-0.061,0.66856,0.00488,0.02928,0,-0.00976,0.09272
-0.06344,0.03904,-0.01464,0.01708,0.0488,-0.05612,0.6588,0,0.0244,0.00976,-0.01464,0.08296
-0.06832,0.03904,-0.00976,0.0244,0.05856,-0.06344,0.67344,0,0.03416,0.00976,-0.01464,0.08784
-0.06344,0.03416,-0.00488,0.02684,0.05856,-0.061,0.6832,0.00976,0.03904,0,-0.01464,0.08784
-0.05856,0.0244,0.00976,0.03904,0.06832,-0.06344,0.67832,0,0.03416,0.00488,-0.00976,0.08296
-0.06344,0.02684,0.00976,0.04148,0.0732,-0.06832,0.67832,-0.00976,0.0244,0.00488,-0.00976,0.07808
-0.0488,0.02684,-0.00488,0.01952,0.04392,-0.04636,0.66856,0,0.01952,0.00976,-0.01464,0.06344
-0.0488,0.02684,-0.00488,0.01952,0.04392,-0.04636,0.66368,-0.00488,0.01952,0.01952,-0.00976,0.05856
-0.04392,0.02196,0,0.02196,0.04392,-0.04392,0.66368,-0.00488,0.01952,0.01952,-0.01464,0.06344
-0.03904,0.01708,0.00488,0.0244,0.04392,-0.04148,0.7076,-0.00488,0.01952,0.00976,-0.01464,0.06344
-0.02928,-0.00244,0.03416,0.0488,0.06344,-0.04636,0.71248,0,0.03904,0.01464,-0.01464,0.0488
-0.02928,0.00488,0.01952,0.03416,0.0488,-0.03904,0.69296,0.00976,0.03416,0.00488,-0.00976,0.0732
-0.06832,0.03904,-0.00976,0.0244,0.05856,-0.06344,0.66368,0.00488,0.03416,0.01464,-0.01952,0.05856
-0.0244,0.00976,0.00488,0.01708,0.02928,-0.02684,0.71736,0.13176,0.05856,0.01464,-0.01952,0.04392
-0.06832,0.0488,-0.02928,0.00488,0.03904,-0.05368,0.79056,0.33672,0.10736,0.00488,-0.05368,0.00488
-0.11224,0.06344,-0.01464,0.04148,0.0976,-0.10492,0.81984,0.34648,0.15128,-0.00488,-0.06832,-0.00976
-0.0976,0.00244,0.09272,0.14152,0.19032,-0.14396,0.80032,0.2684,0.22936,0.07808,-0.01952,0.01464
-0.05368,-0.02928,0.11224,0.13908,0.16592,-0.1098,0.732,0.09272,0.20008,0.08784,0.00976,0.03904
0.0488,-0.12688,0.20496,0.18056,0.15616,-0.05368,0.66368,0.02928,0.20984,0.15616,0.10736,0.12688
0.24888,-0.24644,0.244,0.11956,-0.00488,0.12688,0.55144,-0.08296,0.13664,0.18544,0.17568,0.20984
0.5124,-0.427,0.3416,0.0854,-0.1708,0.3416,0.27816,-0.366,0.06832,0.25864,0.28792,0.33184
0.72224,-0.57828,0.43432,0.0732,-0.28792,0.50508,-0.0244,-0.86376,-0.0732,0.30744,0.45872,0.56608
0.85888,-0.70272,0.54656,0.11712,-0.31232,0.5856,-0.37576,-1.7568,-0.30256,0.33184,0.60024,0.854
0.83448,-0.64416,0.45384,0.0366,-0.38064,0.60756,-0.47824,-2.23016,-0.5368,0.18056,0.49288,0.93208
0.50264,-0.4026,0.30256,0.05124,-0.20008,0.35136,-0.2928,-2.23016,-0.65392,0.01952,0.2928,0.89792
0.122,-0.11468,0.10736,0.04636,-0.01464,0.06832,-0.04392,-1.98128,-0.76616,-0.1708,0.05368,0.67832
-0.05368,0.04392,-0.03416,-0.00732,0.01952,-0.0366,0.06344,-1.4396,-0.62464,-0.25376,-0.10248,0.4148
-0.15616,0.14396,-0.13176,-0.05368,0.0244,-0.09028,0.20496,-0.90768,-0.42456,-0.22936,-0.15616,0.18056
-0.17568,0.15616,-0.13664,-0.0488,0.03904,-0.10736,0.29768,-0.54656,-0.29768,-0.1952,-0.16592,0.0488
-0.16104,0.15372,-0.1464,-0.06588,0.01464,-0.08784,0.40992,-0.28304,-0.18544,-0.15128,-0.1708,-0.01464
-0.16104,0.1342,-0.10736,-0.02684,0.05368,-0.10736,0.49776,-0.122,-0.05856,-0.08296,-0.11224,-0.0244
-0.11224,0.07564,-0.03904,0.01708,0.0732,-0.09272,0.55144,-0.04392,0,-0.00488,-0.06344,0.00488
-0.05856,0.0366,-0.01464,0.01464,0.04392,-0.05124,0.54168,0.00976,0.00488,0.00976,-0.03904,0.00976
-0.03904,0.01952,0,0.01952,0.03904,-0.03904,0.51728,0.06832,0.03416,-0.00488,-0.0488,0.01952
-0.05368,0.0244,0.00488,0.03172,0.05856,-0.05612,0.52216,0.06832,0.0488,-0.00976,-0.04392,0.01952
-0.06832,0.0366,-0.00488,0.02928,0.06344,-0.06588,0.52704,0.04392,0.0488,-0.00488,-0.03904,0
-0.0732,0.04636,-0.01952,0.01708,0.05368,-0.06344,0.50264,0.03904,0.0244,-0.00488,-0.03904,-0.00488
-0.04392,0.0366,-0.02928,-0.00732,0.01464,-0.02928,0.48312,0.05856,0.0244,-0.01464,-0.04392,0.00976
-0.05368,0.04636,-0.03904,-0.0122,0.01464,-0.03416,0.5124,0.0488,0.03416,-0.02928,-0.06832,-0.01952
-0.05368,0.04392,-0.03416,-0.00732,0.01952,-0.0366,0.50752,0.03904,0.02928,-0.03416,-0.05856,-0.01464
-0.07808,0.061,-0.04392,-0.00488,0.03416,-0.05612,0.49776,0.03904,0.0244,-0.0244,-0.05856,-0.00488
-0.05368,0.04148,-0.02928,-0.00244,0.0244,-0.03904,0.47824,0.06344,0.0244,-0.02928,-0.0488,-0.00488
-0.05368,0.03416,-0.01464,0.0122,0.03904,-0.04636,0.47824,0.06344,0.02928,-0.0244,-0.0488,-0.00488
-0.0488,0.0366,-0.0244,0,0.0244,-0.0366,0.47336,0.05856,0.02928,-0.0244,-0.05856,-0.00976
-0.05368,0.04392,-0.03416,-0.00732,0.01952,-0.0366,0.46848,0.05368,0.01952,-0.0244,-0.05856,-0.00976
-0.03416,0.0366,-0.03904,-0.02196,-0.00488,-0.01464,0.45872,0.0488,0.01464,-0.0244,-0.04392,0.00976
-0.05856,0.05124,-0.04392,-0.01464,0.01464,-0.0366,0.45384,0.05856,0.00976,-0.02928,-0.0488,0.00976
-0.05856,0.0488,-0.03904,-0.00976,0.01952,-0.03904,0.46848,0.04392,-0.01464,-0.0488,-0.06832,0.00488
-0.05856,0.05124,-0.04392,-0.01464,0.01464,-0.0366,0.47336,0.05368,-0.01464,-0.05368,-0.05368,-0.00488
-0.0244,0.02928,-0.03416,-0.02196,-0.00976,-0.00732,0.49288,0.06344,-0.01464,-0.01952,-0.05368,-0.01464
-0.03904,0.03416,-0.02928,-0.00976,0.00976,-0.0244,0.49776,0.05368,-0.01952,-0.02928,-0.05856,-0.01952
-0.05368,0.04392,-0.03416,-0.00732,0.01952,-0.0366,0.50264,0.0488,-0.03416,-0.02928,-0.05856,-0.01952
-0.01464,0.01464,-0.01464,-0.00732,0,-0.00732,0.49776,0.06832,-0.03416,-0.03416,-0.06344,-0.01952
-0.02928,0.02196,-0.01464,0,0.01464,-0.02196,0.48312,0.07808,-0.0244,-0.03416,-0.06832,-0.00976
-0.06344,0.05368,-0.04392,-0.0122,0.01952,-0.04148,0.47336,0.0732,-0.0244,-0.05368,-0.07808,-0.0244
-0.05856,0.06344,-0.06832,-0.03904,-0.00976,-0.0244,0.46848,0.07808,-0.03416,-0.06832,-0.08784,-0.03904
-0.05856,0.061,-0.06344,-0.03416,-0.00488,-0.02684,0.4636,0.09272,-0.02928,-0.06832,-0.08296,-0.03904
-0.05856,0.061,-0.06344,-0.03416,-0.00488,-0.02684,0.45384,0.10248,-0.01952,-0.05368,-0.0732,-0.01952
-0.05856,0.05612,-0.05368,-0.0244,0.00488,-0.03172,0.45384,0.10736,-0.00488,-0.04392,-0.06832,-0.01464
-0.05368,0.05368,-0.05368,-0.02684,0,-0.02684,0.4636,0.12688,0.01952,-0.04392,-0.06344,-0.01464
-0.05856,0.05612,-0.05368,-0.0244,0.00488,-0.03172,0.4636,0.12688,0.01952,-0.05368,-0.06344,-0.03416
-0.05368,0.05368,-0.05368,-0.02684,0,-0.02684,0.4148,0.1464,0.03416,-0.0488,-0.06344,-0.04392
-0.0732,0.06832,-0.06344,-0.02684,0.00976,-0.04148,0.38064,0.16592,0.03904,-0.05856,-0.0732,-0.05368
-0.06344,0.061,-0.05856,-0.02684,0.00488,-0.03416,0.3904,0.1708,0.05368,-0.05368,-0.05856,-0.04392
-0.05368,0.04636,-0.03904,-0.0122,0.01464,-0.03416,0.42456,0.19032,0.0732,-0.04392,-0.05368,-0.03416
-0.01952,0.01952,-0.01952,-0.00976,0,-0.00976,0.4636,0.21472,0.11224,-0.0244,-0.0488,-0.02928
0.00976,-0.0122,0.01464,0.00976,0.00488,0.00244,0.46848,0.22936,0.1464,-0.01464,-0.0244,-0.04392
0,-0.00732,0.01464,0.01464,0.01464,-0.00732,0.44896,0.244,0.16104,-0.00976,-0.0244,-0.06344
-0.03904,0.03172,-0.0244,-0.00488,0.01464,-0.02684,0.42944,0.25376,0.16104,-0.01464,-0.05368,-0.08784
-0.07808,0.05612,-0.03416,0.00488,0.04392,-0.061,0.4148,0.2684,0.17568,-0.03416,-0.05856,-0.10248
-0.07808,0.0732,-0.06832,-0.02928,0.00976,-0.04392,0.40504,0.29768,0.1952,-0.02928,-0.05368,-0.122
-0.05368,0.05124,-0.0488,-0.02196,0.00488,-0.02928,0.40504,0.3172,0.20984,-0.02928,-0.0488,-0.13664
-0.0488,0.04392,-0.03904,-0.01464,0.00976,-0.02928,0.40016,0.35136,0.2196,-0.00976,-0.03904,-0.13664
-0.05368,0.0488,-0.04392,-0.01708,0.00976,-0.03172,0.40016,0.38064,0.23424,0.00976,-0.03416,-0.1464
-0.0488,0.0488,-0.0488,-0.0244,0,-0.0244,0.3904,0.40016,0.244,0.01952,-0.01464,-0.15128
-0.01464,0.01464,-0.01464,-0.00732,0,-0.00732,0.38552,0.41968,0.26352,0.03904,0.00488,-0.15128
-0.01464,0.00976,-0.00488,0.00244,0.00976,-0.0122,0.38552,0.44408,0.2684,0.0488,0.01952,-0.13664
0.01952,-0.0122,0.00488,-0.00488,-0.01464,0.01708,0.37088,0.45384,0.27816,0.0488,0.03904,-0.13176
0.02928,-0.01952,0.00976,-0.00488,-0.01952,0.0244,0.366,0.45384,0.2684,0.05368,0.03904,-0.13664
0.0488,-0.03172,0.01464,-0.00976,-0.03416,0.04148,0.36112,0.4636,0.26352,0.0732,0.0488,-0.13176
0.04392,-0.03416,0.0244,0.00244,-0.01952,0.03172,0.35136,0.43432,0.25376,0.0732,0.05856,-0.122
0.06344,-0.0488,0.03416,0.00244,-0.02928,0.04636,0.35136,0.40504,0.244,0.07808,0.06832,-0.10736
0.06344,-0.05368,0.04392,0.0122,-0.01952,0.04148,0.33672,0.38552,0.244,0.08296,0.07808,-0.09272
0.0488,-0.04392,0.03904,0.01464,-0.00976,0.02928,0.31232,0.35136,0.22936,0.08296,0.0732,-0.08296
0.03904,-0.03172,0.0244,0.00488,-0.01464,0.02684,0.31232,0.30256,0.20496,0.0732,0.06344,-0.0976
0.0488,-0.03904,0.02928,0.00488,-0.01952,0.03416,0.31232,0.26352,0.18056,0.0488,0.05368,-0.0976
0.05856,-0.0488,0.03904,0.00976,-0.01952,0.03904,0.30744,0.22936,0.1708,0.04392,0.0488,-0.0732
0.05856,-0.05124,0.04392,0.01464,-0.01464,0.0366,0.30256,0.1952,0.15616,0.0488,0.05368,-0.06832
0.06344,-0.05368,0.04392,0.0122,-0.01952,0.04148,0.2928,0.15616,0.1464,0.03416,0.05368,-0.06344
0.05368,-0.04392,0.03416,0.00732,-0.01952,0.0366,0.29768,0.122,0.13176,0.02928,0.02928,-0.05856
0.03416,-0.02196,0.00976,-0.00732,-0.0244,0.02928,0.29768,0.10248,0.122,0.00976,0.01952,-0.0732
0.0244,-0.0244,0.0244,0.0122,0,0.0122,0.27816,0.06832,0.11712,0.00976,0.00488,-0.07808
0.0244,-0.0244,0.0244,0.0122,0,0.0122,0.30256,0.05368,0.10248,-0.00488,0.01952,-0.07808
0.00488,-0.00488,0.00488,0.00244,0,0.00244,0.32696,0.02928,0.10248,0.00488,0.01952,-0.09272
0.00488,-0.00732,0.00976,0.00732,0.00488,0,0.32696,0.03416,0.0976,0.00488,0.00976,-0.08296
0,-0.00488,0.00976,0.00976,0.00976,-0.00488,0.32696,0.02928,0.08784,-0.00488,-0.00976,-0.09272
0,0,0,0,0,0,0.32696,0.00976,0.07808,-0.01464,-0.00976,-0.0976
0,-0.00244,0.00488,0.00488,0.00488,-0.00244,0.32696,-0.01464,0.07808,-0.04392,-0.00976,-0.10248
-0.00976,0.00732,-0.00488,0,0.00488,-0.00732,0.34648,-0.03416,0.0732,-0.0244,-0.00976,-0.10248
0,0.00244,-0.00488,-0.00488,-0.00488,0.00244,0.3416,-0.0244,0.0732,-0.01464,-0.00488,-0.11224
0,0.00244,-0.00488,-0.00488,-0.00488,0.00244,0.3416,-0.00488,0.0732,-0.03416,-0.00976,-0.122
-0.00976,0.00488,0,0.00488,0.00976,-0.00976,0.32696,0.00488,0.06344,-0.04392,-0.00976,-0.13176
0,0,0,0,0,0,0.33672,-0.01464,0.05856,-0.03416,-0.01952,-0.13664
0.00976,-0.00488,0,-0.00488,-0.00976,0.00976,0.35136,-0.01464,0.05368,-0.03416,-0.01952,-0.122
-0.01464,0.0122,-0.00976,-0.00244,0.00488,-0.00976,0.34648,-0.01952,0.05368,-0.0488,-0.01952,-0.13664
-0.00488,0.0122,-0.01952,-0.01708,-0.01464,0.00488,0.35624,-0.03904,0.06344,-0.05856,-0.0244,-0.1464
0,0.00976,-0.01952,-0.01952,-0.01952,0.00976,0.366,-0.01952,0.06344,-0.04392,-0.02928,-0.14152
0.00488,0.00244,-0.00976,-0.0122,-0.01464,0.00976,0.35136,-0.01952,0.05368,-0.04392,-0.03904,-0.14152
0.00976,0.00244,-0.01464,-0.01952,-0.0244,0.01708,0.34648,-0.01464,0.0488,-0.06832,-0.02928,-0.15616
0.01952,0.00732,-0.03416,-0.04392,-0.05368,0.0366,0.34648,-0.00976,0.03904,-0.06832,-0.0488,-0.15128
-0.00976,0.01952,-0.02928,-0.0244,-0.01952,0.00488,0.34648,-0.00976,0.0488,-0.06344,-0.04392,-0.1464
-0.00488,0.01952,-0.03416,-0.03172,-0.02928,0.0122,0.3172,-0.00976,0.03904,-0.06344,-0.04392,-0.15128
-0.00976,0.0244,-0.03904,-0.03416,-0.02928,0.00976,0.29768,-0.01952,0.04392,-0.0732,-0.05368,-0.15616
0.00488,0.01708,-0.03904,-0.04148,-0.04392,0.0244,0.30744,-0.00488,0.04392,-0.06832,-0.05856,-0.16592
-0.00488,0.01952,-0.03416,-0.03172,-0.02928,0.0122,0.3172,0.00488,0.04392,-0.08784,-0.05856,-0.1708
0.02928,-0.00244,-0.0244,-0.03904,-0.05368,0.04148,0.3172,0,0.04392,-0.07808,-0.06344,-0.16104
0.0244,-0.00244,-0.01952,-0.03172,-0.04392,0.03416,0.3172,0.00488,0.04392,-0.07808,-0.06344,-0.1708
0.0244,-0.00976,-0.00488,-0.01708,-0.02928,0.02684,0.29768,0.00488,0.04392,-0.08296,-0.0488,-0.15616
-0.00488,0.0122,-0.01952,-0.01708,-0.01464,0.00488,0.28304,0.00976,0.0488,-0.05856,-0.05856,-0.15128
0,0.01708,-0.03416,-0.03416,-0.03416,0.01708,0.27816,0.0244,0.03904,-0.06344,-0.0488,-0.15616
-0.00488,0.0122,-0.01952,-0.01708,-0.01464,0.00488,0.27816,0.01464,0.05368,-0.06832,-0.04392,-0.15128
-0.01952,0.0244,-0.02928,-0.01952,-0.00976,-0.00488,0.2684,0.06344,0.05368,-0.05368,-0.0488,-0.15616
-0.01952,0.02684,-0.03416,-0.0244,-0.01464,-0.00244,0.23912,0.0488,0.06344,-0.05368,-0.0488,-0.15128
-0.00976,0.01708,-0.0244,-0.01952,-0.01464,0.00244,0.22936,0.0488,0.06344,-0.04392,-0.0488,-0.14152
0.02928,-0.00488,-0.01952,-0.03416,-0.0488,0.03904,0.23424,0.05368,0.06832,-0.04392,-0.03904,-0.13176
0.00488,-0.00244,0,-0.00244,-0.00488,0.00488,0.23912,0.05856,0.08296,-0.03904,-0.0244,-0.12688
0.0488,-0.03416,0.01952,-0.00488,-0.02928,0.03904,0.23912,0.0488,0.09272,-0.03416,-0.0244,-0.12688
0.03904,-0.03904,0.03904,0.01952,0,0.01952,0.22936,0.05856,0.0976,-0.02928,-0.01464,-0.12688
0.04392,-0.04148,0.03904,0.01708,-0.00488,0.0244,0.22448,0.06344,0.0976,-0.0244,-0.01464,-0.13176
0.03904,-0.0488,0.05856,0.03904,0.01952,0.00976,0.23424,0.0732,0.10736,-0.01464,-0.00488,-0.11224
0.03416,-0.04148,0.0488,0.03172,0.01464,0.00976,0.23424,0.06344,0.10736,-0.00488,-0.00976,-0.10736
0.03904,-0.04392,0.0488,0.02928,0.00976,0.01464,0.2196,0.09272,0.122,-0.01464,-0.00488,-0.10248
0.0488,-0.061,0.0732,0.0488,0.0244,0.0122,0.22448,0.08296,0.11712,-0.01464,0.00488,-0.08784
0.05368,-0.061,0.06832,0.04148,0.01464,0.01952,0.20984,0.06832,0.11712,-0.01952,-0.00488,-0.08784
0.06832,-0.06832,0.06832,0.03416,0,0.03416,0.20008,0.0732,0.10736,-0.01952,0,-0.08784
0.0732,-0.06588,0.05856,0.02196,-0.01464,0.04392,0.15616,0.06344,0.11224,-0.00976,-0.01464,-0.10736
0.07808,-0.07808,0.07808,0.03904,0,0.03904,0.12688,0.0488,0.11712,-0.00976,0,-0.08784
0.07808,-0.0732,0.06832,0.02928,-0.00976,0.04392,0.10736,0.03904,0.10736,-0.00976,0,-0.0976
0.07808,-0.06832,0.05856,0.01952,-0.01952,0.0488,0.08784,0.03904,0.10736,-0.00976,0,-0.0976
0.08784,-0.06832,0.0488,0.00488,-0.03904,0.06344,0.05368,0.02928,0.10248,-0.01952,-0.01464,-0.10248
0.06832,-0.0488,0.02928,-0.00488,-0.03904,0.05368,0.02928,0.0244,0.09272,-0.03904,-0.01952,-0.09272
0.08296,-0.061,0.03904,-0.00244,-0.04392,0.06344,0.01464,0.01464,0.07808,-0.02928,-0.01952,-0.0976
0.09272,-0.0732,0.05368,0.00732,-0.03904,0.06588,0.01464,0.00976,0.07808,-0.02928,-0.01952,-0.10736
0.11224,-0.08296,0.05368,-0.00244,-0.05856,0.0854,0,0.00488,0.06832,-0.03904,-0.00976,-0.10736
0.0976,-0.07076,0.04392,-0.00488,-0.05368,0.07564,-0.00976,0,0.0488,-0.04392,-0.01952,-0.122
0.08296,-0.0488,0.01464,-0.02684,-0.06832,0.07564,-0.01952,-0.00976,0.03416,-0.06344,-0.03904,-0.10248
0.08784,-0.05124,0.01464,-0.02928,-0.0732,0.08052,-0.0244,-0.0244,0.02928,-0.06832,-0.04392,-0.07808
0.10248,-0.05124,0,-0.05124,-0.10248,0.10248,-0.03416,-0.01952,0.02928,-0.06832,-0.03904,-0.09272
0.07808,-0.03904,0,-0.03904,-0.07808,0.07808,-0.02928,-0.01952,0.0244,-0.06832,-0.03904,-0.09272
0.10248,-0.05368,0.00488,-0.04636,-0.0976,0.10004,-0.0244,-0.00488,0.0244,-0.06344,-0.02928,-0.06832
0.10248,-0.04636,-0.00976,-0.061,-0.11224,0.10736,-0.0244,-0.00488,0.01464,-0.0732,-0.03416,-0.05856
0.09272,-0.04148,-0.00976,-0.05612,-0.10248,0.0976,0,-0.00976,0.00976,-0.0732,-0.03904,-0.08296
0.09272,-0.04392,-0.00488,-0.05124,-0.0976,0.09516,0.01464,-0.00488,0.00976,-0.06344,-0.03904,-0.06344
0.06832,-0.02684,-0.01464,-0.0488,-0.08296,0.07564,0.04392,-0.01464,-0.00488,-0.07808,-0.03904,-0.08784
0.0488,-0.00976,-0.02928,-0.05368,-0.07808,0.06344,0.05368,-0.01464,-0.00976,-0.08296,-0.0488,-0.0976
0.04392,-0.00976,-0.0244,-0.04636,-0.06832,0.05612,0.04392,-0.02928,0,-0.08784,-0.05368,-0.10248
0.03904,0,-0.03904,-0.05856,-0.07808,0.05856,0.04392,-0.03904,-0.00488,-0.08784,-0.05368,-0.09272
0.02928,0.0122,-0.05368,-0.06832,-0.08296,0.05612,0.01952,-0.03416,-0.01952,-0.10248,-0.06344,-0.10736
0.02928,0.01708,-0.06344,-0.07808,-0.09272,0.061,0.00488,-0.03416,-0.02928,-0.11224,-0.08296,-0.11224
0.01464,0.03172,-0.07808,-0.0854,-0.09272,0.05368,0.00488,-0.03904,-0.03416,-0.10736,-0.0732,-0.11712
0,0.04636,-0.09272,-0.09272,-0.09272,0.04636,0,-0.04392,-0.03416,-0.10736,-0.07808,-0.11712
0.01464,0.03172,-0.07808,-0.0854,-0.09272,0.05368,-0.01464,-0.03904,-0.0244,-0.11712,-0.07808,-0.11224
0.01464,0.02684,-0.06832,-0.07564,-0.08296,0.0488,-0.01952,-0.03416,-0.01952,-0.11712,-0.07808,-0.11224
0.01952,0.01952,-0.05856,-0.06832,-0.07808,0.0488,-0.03416,-0.04392,-0.02928,-0.11224,-0.0732,-0.122
0.0244,0.01952,-0.06344,-0.07564,-0.08784,0.05612,-0.0244,-0.03416,-0.02928,-0.122,-0.07808,-0.12688
0.01464,0.03172,-0.07808,-0.0854,-0.09272,0.05368,-0.0244,-0.03904,-0.0244,-0.11712,-0.0732,-0.11712
0.00488,0.0366,-0.07808,-0.08052,-0.08296,0.04392,-0.0244,-0.03416,-0.01952,-0.10248,-0.0732,-0.11712
-0.00488,0.04392,-0.08296,-0.08052,-0.07808,0.0366,-0.06344,-0.03416,-0.02928,-0.10248,-0.06832,-0.11712
-0.00488,0.0488,-0.09272,-0.09028,-0.08784,0.04148,-0.08296,-0.03904,-0.03416,-0.10248,-0.0732,-0.10736
-0.00488,0.04636,-0.08784,-0.0854,-0.08296,0.03904,-0.08784,-0.02928,-0.01952,-0.10248,-0.06344,-0.11712
0,0.03904,-0.07808,-0.07808,-0.07808,0.03904,-0.07808,-0.02928,-0.01952,-0.10248,-0.06832,-0.11712
0.01952,0.0244,-0.06832,-0.07808,-0.08784,0.05368,-0.06344,-0.02928,-0.01952,-0.09272,-0.05856,-0.10736
0.0244,0.0244,-0.0732,-0.0854,-0.0976,0.061,-0.05368,-0.02928,-0.01952,-0.09272,-0.05856,-0.10248
0.00976,0.0366,-0.08296,-0.08784,-0.09272,0.05124,-0.0488,-0.04392,-0.02928,-0.10248,-0.06344,-0.0976
-0.00488,0.04392,-0.08296,-0.08052,-0.07808,0.0366,-0.04392,-0.03904,-0.02928,-0.11224,-0.06832,-0.10248
0.00488,0.04148,-0.08784,-0.09028,-0.09272,0.0488,-0.05368,-0.04392,-0.02928,-0.11224,-0.0732,-0.11224
0.00976,0.03172,-0.0732,-0.07808,-0.08296,0.04636,-0.0488,-0.0488,-0.02928,-0.11224,-0.0732,-0.13664
0.03904,0.01708,-0.0732,-0.09272,-0.11224,0.07564,-0.03904,-0.05856,-0.01952,-0.11224,-0.06832,-0.122
0.02928,0.02684,-0.08296,-0.0976,-0.11224,0.07076,-0.05856,-0.0244,-0.01464,-0.11224,-0.06832,-0.13176
0.01464,0.04392,-0.10248,-0.1098,-0.11712,0.06588,-0.03416,0.11712,0.01464,-0.10248,-0.06832,-0.1464
-0.0244,0.06832,-0.11224,-0.10004,-0.08784,0.03172,0.03416,0.33672,0.06832,-0.11224,-0.07808,-0.16592
-0.02928,0.0366,-0.04392,-0.02928,-0.01464,-0.00732,0.07808,0.3172,0.10736,-0.08784,-0.09272,-0.18544
-0.03904,0.02196,-0.00488,0.01464,0.03416,-0.0366,0.12688,0.25376,0.20984,-0.03904,-0.0732,-0.20496
0.00976,-0.03904,0.06832,0.06344,0.05856,-0.0244,0.08784,0.08784,0.18056,0.01464,0.00488,-0.14152
0.0976,-0.11468,0.13176,0.08296,0.03416,0.03172,0.00976,-0.00976,0.18056,0.07808,0.10736,-0.01464
0.37576,-0.27816,0.18056,-0.00732,-0.1952,0.28548,-0.15128,-0.15616,0.06344,0.08296,0.1708,0.03904
0.61,-0.45872,0.30744,0.00244,-0.30256,0.45628,-0.38552,-0.50264,-0.01464,0.1708,0.33184,0.22448
0.78568,-0.61,0.43432,0.04148,-0.35136,0.56852,-0.67344,-1.06872,-0.16592,0.26352,0.53192,0.46848
0.84912,-0.67832,0.50752,0.08296,-0.3416,0.59536,-0.94672,-1.93248,-0.40992,0.27328,0.68808,0.85888
0.81496,-0.58316,0.35136,-0.05612,-0.4636,0.63928,-0.93208,-2.19112,-0.64904,0.04392,0.47824,0.88328
0.43432,-0.32696,0.2196,0.00244,-0.21472,0.32452,-0.732,-2.16672,-0.77104,-0.13176,0.2684,0.80032
0.12688,-0.08052,0.03416,-0.02928,-0.09272,0.1098,-0.50264,-1.80072,-0.81984,-0.32208,0.0244,0.59536
-0.0732,0.11468,-0.15616,-0.11956,-0.08296,0.00488,-0.40504,-1.28832,-0.6344,-0.35624,-0.11712,0.25864
-0.0732,0.12444,-0.17568,-0.13908,-0.10248,0.01464,-0.28304,-0.8296,-0.4392,-0.32208,-0.16592,0.01952
-0.11712,0.17324,-0.22936,-0.1708,-0.11224,-0.00244,-0.18544,-0.50752,-0.30744,-0.32208,-0.22448,-0.10736
-0.08784,0.1464,-0.20496,-0.16104,-0.11712,0.01464,-0.05856,-0.22936,-0.1708,-0.27328,-0.18544,-0.19032
-0.10248,0.13664,-0.1708,-0.11956,-0.06832,-0.01708,0.06344,-0.08784,-0.0732,-0.16592,-0.10248,-0.19032
-0.03904,0.06832,-0.0976,-0.07808,-0.05856,0.00976,0.122,-0.01952,-0.01952,-0.10248,-0.04392,-0.16592
0.01464,0.02196,-0.05856,-0.06588,-0.0732,0.04392,0.12688,0.04392,0,-0.07808,-0.01464,-0.12688
0.02928,0.01464,-0.05856,-0.0732,-0.08784,0.05856,0.10248,0.04392,0.01464,-0.0976,-0.02928,-0.1464
0.0244,0.02928,-0.08296,-0.09516,-0.10736,0.06588,0.10736,0.02928,0.01952,-0.11712,-0.04392,-0.15128
0.00976,0.03172,-0.0732,-0.07808,-0.08296,0.04636,0.11712,0.01464,0.00976,-0.12688,-0.05368,-0.14152
-0.00488,0.04392,-0.08296,-0.08052,-0.07808,0.0366,0.11224,0.01952,-0.00976,-0.12688,-0.0732,-0.15128
0.00976,0.03904,-0.08784,-0.09272,-0.0976,0.05368,0.10736,0.03904,-0.03416,-0.14152,-0.08296,-0.14152
0.01464,0.02928,-0.0732,-0.08052,-0.08784,0.05124,0.12688,0.05856,0,-0.122,-0.05856,-0.13664
0.01464,0.02928,-0.0732,-0.08052,-0.08784,0.05124,0.13664,0.03904,0.01464,-0.10736,-0.03416,-0.13176
0.00488,0.04148,-0.08784,-0.09028,-0.09272,0.0488,0.10736,0.03904,-0.00976,-0.10736,-0.02928,-0.10736
0.00976,0.03416,-0.07808,-0.08296,-0.08784,0.0488,0.08296,0.05856,-0.02928,-0.10736,-0.02928,-0.08296
0.00976,0.03416,-0.07808,-0.08296,-0.08784,0.0488,0.06832,0.04392,-0.0244,-0.11712,-0.0488,-0.10248
0.0244,0.01708,-0.05856,-0.07076,-0.08296,0.05368,0.06344,0.02928,-0.01952,-0.122,-0.05856,-0.11712
0.03904,0.00488,-0.0488,-0.06832,-0.08784,0.06344,0.0732,0.03416,-0.0244,-0.122,-0.06832,-0.12688
0.05368,-0.00244,-0.0488,-0.07564,-0.10248,0.07808,0.05856,0.03904,-0.02928,-0.122,-0.07808,-0.11712
0.03904,0,-0.03904,-0.05856,-0.07808,0.05856,0.05368,0.0488,-0.01464,-0.10736,-0.04392,-0.08784
0.02928,0.00244,-0.03416,-0.0488,-0.06344,0.04636,0.05368,0.03416,-0.0244,-0.10248,-0.02928,-0.06832
0.0244,0.01952,-0.06344,-0.07564,-0.08784,0.05612,0.01952,0.0244,-0.03416,-0.0976,0,-0.0976
0.0488,0.00732,-0.06344,-0.08784,-0.11224,0.08052,0.00488,0.03904,-0.03416,-0.08296,0.0244,-0.11712
0.0488,0.00488,-0.05856,-0.08296,-0.10736,0.07808,-0.01464,0.05856,-0.03416,-0.09272,0.00976,-0.11224
0.00976,0.02928,-0.06832,-0.0732,-0.07808,0.04392,-0.02928,0.05368,-0.04392,-0.09272,0.00976,-0.122
0.01952,0.0244,-0.06832,-0.07808,-0.08784,0.05368,-0.03416,0.04392,-0.03416,-0.08784,0.00488,-0.08784
0.03904,0.00244,-0.04392,-0.06344,-0.08296,0.061,-0.04392,0.05856,-0.0244,-0.07808,0.00976,-0.04392
0.03904,0,-0.03904,-0.05856,-0.07808,0.05856,-0.06832,0.06344,-0.03416,-0.09272,-0.00976,-0.06832
0.03904,-0.00244,-0.03416,-0.05368,-0.0732,0.05612,-0.08296,0.06344,-0.03416,-0.0976,-0.01952,-0.08784
0.02928,0.01464,-0.05856,-0.0732,-0.08784,0.05856,-0.0976,0.06832,-0.03904,-0.0976,-0.01952,-0.08784
0.03416,0.01464,-0.06344,-0.08052,-0.0976,0.06588,-0.10736,0.07808,-0.0488,-0.0976,-0.01464,-0.08296
0.05856,-0.0122,-0.03416,-0.06344,-0.09272,0.07564,-0.11224,0.08296,-0.04392,-0.07808,0.00488,-0.0244
0.06832,-0.02196,-0.0244,-0.05856,-0.09272,0.08052,-0.122,0.10248,-0.02928,-0.06832,0.0244,0.01464
0.08296,-0.03904,-0.00488,-0.04636,-0.08784,0.0854,-0.13176,0.10736,-0.03904,-0.07808,0.01464,-0.00976
0.08784,-0.04636,0.00488,-0.03904,-0.08296,0.0854,-0.15128,0.11712,-0.0488,-0.08784,-0.00488,-0.04392
0.00976,0.02684,-0.06344,-0.06832,-0.0732,0.04148,-0.20008,0.08784,-0.07808,-0.13176,-0.03904,-0.03904
-0.03904,0.07564,-0.11224,-0.09272,-0.0732,0.01708,-0.22448,0.05368,-0.10248,-0.16592,-0.06344,-0.0488
-0.05856,0.10004,-0.14152,-0.11224,-0.08296,0.0122,-0.23424,0.03904,-0.10248,-0.15616,-0.05856,-0.05856
-0.07808,0.11468,-0.15128,-0.11224,-0.0732,-0.00244,-0.2196,0.0732,-0.08784,-0.13664,-0.06344,-0.06832
-0.08296,0.12688,-0.1708,-0.12932,-0.08784,0.00244,-0.23912,0.11224,-0.08296,-0.12688,-0.0488,-0.0488
-0.08296,0.12444,-0.16592,-0.12444,-0.08296,0,-0.25376,0.15128,-0.06344,-0.11712,-0.03416,-0.06344
0.0244,0.02196,-0.06832,-0.08052,-0.09272,0.05856,-0.23424,0.19032,-0.03416,-0.07808,-0.00976,-0.04392
0.0976,-0.05856,0.01952,-0.02928,-0.07808,0.08784,-0.21472,0.22936,-0.01464,-0.0732,-0.00976,-0.03904
0.0244,0.03416,-0.09272,-0.10492,-0.11712,0.07076,-0.244,0.22936,-0.03904,-0.09272,-0.0244,-0.05368
-0.07808,0.12444,-0.1708,-0.13176,-0.09272,0.00732,-0.2684,0.244,-0.03416,-0.10736,-0.04392,-0.0732
0.06344,-0.02196,-0.01952,-0.05124,-0.08296,0.0732,-0.24888,0.3172,0.04392,-0.02928,0.03904,-0.02928
0.16104,-0.122,0.08296,0.00244,-0.07808,0.11956,-0.23912,0.40992,0.0976,0.03416,0.07808,0.00488
0.05368,-0.0122,-0.02928,-0.05612,-0.08296,0.06832,-0.2928,0.39528,0.06344,0.00488,0.06344,-0.03416
-0.01952,0.06832,-0.11712,-0.10736,-0.0976,0.03904,-0.32696,0.37088,0.0488,-0.01464,0.05368,-0.05368
-0.02928,0.0732,-0.11712,-0.10248,-0.08784,0.02928,-0.32696,0.3904,0.05368,-0.01464,0.06832,-0.06832
-0.0244,0.0732,-0.122,-0.1098,-0.0976,0.0366,-0.33184,0.40504,0.05368,-0.00488,0.08296,-0.09272
0.05368,0,-0.05368,-0.08052,-0.10736,0.08052,-0.32208,0.42456,0.08296,0.03416,0.11712,-0.06832
0.11224,-0.06344,0.01464,-0.04148,-0.0976,0.10492,-0.33672,0.43432,0.09272,0.05368,0.14152,-0.03416
0.11224,-0.06344,0.01464,-0.04148,-0.0976,0.10492,-0.37576,0.4148,0.08784,0.04392,0.13176,-0.03416
0.122,-0.05856,-0.00488,-0.06588,-0.12688,0.12444,-0.3904,0.37576,0.07808,0.0244,0.122,-0.05368
0.18056,-0.11224,0.04392,-0.04636,-0.13664,0.1586,-0.366,0.35624,0.0976,0.04392,0.13176,-0.0244
0.20984,-0.1586,0.10736,0.00244,-0.10248,0.15616,-0.36112,0.33672,0.10248,0.05856,0.13664,0.01464
0.20984,-0.15372,0.0976,-0.00732,-0.11224,0.16104,-0.3904,0.31232,0.09272,0.0488,0.1464,-0.02928
0.20984,-0.15372,0.0976,-0.00732,-0.11224,0.16104,-0.4148,0.27816,0.08296,0.0244,0.1464,-0.08296
0.22936,-0.1708,0.11224,-0.00244,-0.11712,0.17324,-0.44408,0.22448,0.07808,0.0244,0.14152,-0.0488
0.23912,-0.17324,0.10736,-0.0122,-0.13176,0.18544,-0.45384,0.18544,0.06832,0.03416,0.13664,0
0.20984,-0.16104,0.11224,0.00732,-0.0976,0.15372,-0.42456,0.16104,0.0732,0.00976,0.11224,-0.00976
0.244,-0.18788,0.13176,0.00976,-0.11224,0.17812,-0.40992,0.1464,0.0732,0.00488,0.09272,0.00976
0.22448,-0.18056,0.13664,0.0244,-0.08784,0.15616,-0.39528,0.12688,0.0488,0.00976,0.11224,0.00488
0.21472,-0.18056,0.1464,0.03904,-0.06832,0.14152,-0.3904,0.11224,0.03904,0.00976,0.11712,0.00976
0.20008,-0.16592,0.13176,0.03172,-0.06832,0.1342,-0.40016,0.10248,0.03904,0.00976,0.122,0
0.19032,-0.14884,0.10736,0.0122,-0.08296,0.13664,-0.37088,0.06832,0.0244,0.00488,0.11224,-0.00488
0.1708,-0.13664,0.10248,0.01708,-0.06832,0.11956,-0.366,0.05368,0.01952,0.01464,0.11712,0.01464
0.16592,-0.13664,0.10736,0.0244,-0.05856,0.11224,-0.37088,0.04392,0.01464,0.01464,0.11224,0.00976
0.17568,-0.13908,0.10248,0.01464,-0.0732,0.12444,-0.35624,0.0244,-0.00488,0,0.10736,0.00488
0.1708,-0.13176,0.09272,0.00732,-0.07808,0.12444,-0.36112,0.00488,-0.01952,-0.00488,0.10736,0
0.18544,-0.14884,0.11224,0.01952,-0.0732,0.12932,-0.37576,0.01464,-0.00488,-0.00976,0.0976,0.01952
0.21472,-0.17324,0.13176,0.0244,-0.08296,0.14884,-0.3904,0.0244,0.00488,-0.00976,0.08784,0.01952
0.20496,-0.16836,0.13176,0.02928,-0.0732,0.13908,-0.37088,0.02928,-0.00488,-0.00488,0.08296,0.01464
0.20496,-0.16836,0.13176,0.02928,-0.0732,0.13908,-0.35136,0.02928,-0.01464,-0.0244,0.06832,0.01464
0.20496,-0.16592,0.12688,0.0244,-0.07808,0.14152,-0.34648,0.01952,-0.00488,-0.00976,0.06344,0.02928
0.1952,-0.1586,0.122,0.0244,-0.0732,0.1342,-0.33184,0.00488,-0.00976,-0.00488,0.05856,0.04392
0.15616,-0.11956,0.08296,0.00488,-0.0732,0.11468,-0.33184,-0.02928,-0.0244,-0.01464,0.06832,0.04392
0.14152,-0.10004,0.05856,-0.0122,-0.08296,0.11224,-0.34648,-0.06344,-0.03416,-0.0488,0.05368,0.02928
0.12688,-0.08296,0.03904,-0.0244,-0.08784,0.10736,-0.366,-0.03904,-0.04392,-0.04392,0.0488,0.01464
0.11224,-0.07076,0.02928,-0.02684,-0.08296,0.0976,-0.366,-0.00976,-0.04392,-0.01952,0.04392,-0.00488
0.16104,-0.12688,0.09272,0.0122,-0.06832,0.11468,-0.33184,0.0244,-0.01464,0,0.07808,0.02928
0.2196,-0.18056,0.14152,0.03172,-0.07808,0.14884,-0.30744,0.04392,-0.00976,-0.00976,0.10736,0.0488
0.17568,-0.13908,0.10248,0.01464,-0.0732,0.12444,-0.3172,0.03904,-0.01464,-0.01464,0.08784,0.03904
0.14152,-0.11468,0.08784,0.01708,-0.05368,0.0976,-0.33672,0.03904,-0.00488,-0.00976,0.09272,0.01952
0.13176,-0.10736,0.08296,0.01708,-0.0488,0.09028,-0.34648,0.02928,0.00976,-0.02928,0.07808,0.0244
0.1464,-0.10736,0.06832,-0.00488,-0.07808,0.11224,-0.3416,0.03904,0.02928,-0.02928,0.05368,0.01464
0.12688,-0.09516,0.06344,0,-0.06344,0.09516,-0.33184,0.0244,0.01464,-0.0244,0.06344,-0.01464
0.13176,-0.09272,0.05368,-0.0122,-0.07808,0.10492,-0.3172,0.01952,0.00488,-0.03904,0.0488,-0.03416
0.14152,-0.09272,0.04392,-0.02684,-0.0976,0.11956,-0.30744,0.02928,0.0244,-0.02928,0.04392,-0.0244
0.13664,-0.09516,0.05368,-0.01464,-0.08296,0.1098,-0.30256,0.04392,0.05368,-0.02928,0.05368,-0.01464
0.14152,-0.11468,0.08784,0.01708,-0.05368,0.0976,-0.32696,0.03416,0.06832,0,0.05368,0.00488
0.15128,-0.11224,0.0732,-0.00244,-0.07808,0.11468,-0.33672,0.0488,0.05856,0.00976,0.05856,0.00976
0.1708,-0.12688,0.08296,-0.00244,-0.08784,0.12932,-0.34648,0.06344,0.0732,0.00488,0.0976,-0.01464
0.15616,-0.11956,0.08296,0.00488,-0.0732,0.11468,-0.35624,0.08784,0.08296,0,0.0976,-0.04392
0.18056,-0.1464,0.11224,0.02196,-0.06832,0.12444,-0.32208,0.08296,0.07808,0.01464,0.0976,-0.05856
0.19032,-0.15372,0.11712,0.02196,-0.0732,0.13176,-0.29768,0.06832,0.08296,0.01952,0.0976,-0.05368
0.20984,-0.17568,0.14152,0.0366,-0.06832,0.13908,-0.25864,0.08296,0.09272,0.0244,0.0976,-0.0244
0.17568,-0.15616,0.13664,0.0488,-0.03904,0.10736,-0.2196,0.08784,0.10736,0.01952,0.13664,-0.0244
0.20008,-0.16836,0.13664,0.0366,-0.06344,0.13176,-0.22936,0.06832,0.10248,0.01952,0.11712,0
0.21472,-0.17812,0.14152,0.03416,-0.0732,0.14396,-0.22936,0.08784,0.10736,0.03416,0.11224,0
0.20984,-0.183,0.15616,0.05124,-0.05368,0.13176,-0.26352,0.08296,0.0976,0.02928,0.09272,-0.0244
0.20496,-0.18544,0.16592,0.06344,-0.03904,0.122,-0.27328,0.10248,0.08784,0.03904,0.0732,-0.03416
0.15616,-0.14152,0.12688,0.0488,-0.02928,0.09272,-0.2928,0.05368,0.06344,0.03416,0.09272,-0.00976
0.13664,-0.122,0.10736,0.03904,-0.02928,0.08296,-0.31232,0.03904,0.04392,0.04392,0.0976,0
0.15128,-0.14152,0.13176,0.05612,-0.01952,0.0854,-0.2684,0.07808,0.08296,0.05368,0.12688,0.02928
0.1708,-0.16836,0.16592,0.08052,-0.00488,0.08784,-0.22448,0.0976,0.10736,0.06344,0.14152,0.05856
0.17568,-0.16592,0.15616,0.06832,-0.01952,0.0976,-0.22448,0.08784,0.09272,0.05856,0.15128,0.03904
0.1708,-0.1586,0.1464,0.061,-0.0244,0.0976,-0.23424,0.08296,0.07808,0.06832,0.16104,0.01952
0.19032,-0.17324,0.15616,0.061,-0.03416,0.11224,-0.23424,0.04392,0.11712,0.02928,0.10248,0.04392
0.23912,-0.2196,0.20008,0.08052,-0.03904,0.13908,-0.22936,0.06344,0.11224,0.04392,0.0976,0.10248
0.20984,-0.19032,0.1708,0.06588,-0.03904,0.12444,-0.25864,0.05368,0.08296,0.03416,0.0976,0.09272
0.22448,-0.1952,0.16592,0.05368,-0.05856,0.14152,-0.2928,0.03416,0.0488,0.03904,0.10736,0.07808
0.20496,-0.18056,0.15616,0.05368,-0.0488,0.12688,-0.30256,0.0244,0.03904,0.02928,0.0976,0.05368
0.20496,-0.16836,0.13176,0.02928,-0.0732,0.13908,-0.30256,0.01464,0.00976,0.0244,0.10248,0.06344
0.15616,-0.11956,0.08296,0.00488,-0.0732,0.11468,-0.30744,-0.00488,0.00976,0.01464,0.11224,0.06832
0.18056,-0.13176,0.08296,-0.00732,-0.0976,0.13908,-0.30256,0,0.01952,0.01952,0.10248,0.07808
0.21472,-0.16592,0.11712,0.00976,-0.0976,0.15616,-0.30256,0.00976,0.01952,0.01952,0.08784,0.08296
0.2196,-0.17324,0.12688,0.01708,-0.09272,0.15616,-0.32208,0,0.01464,0.01952,0.07808,0.08296
0.20496,-0.1586,0.11224,0.00976,-0.09272,0.14884,-0.32208,-0.01464,0.01464,0.00488,0.07808,0.08784
0.21472,-0.16104,0.10736,0,-0.10736,0.16104,-0.3172,-0.00488,0.01952,-0.00976,0.07808,0.08784
0.20008,-0.1464,0.09272,-0.00732,-0.10736,0.15372,-0.3172,0.00488,0.01464,-0.00976,0.07808,0.08296
0.17568,-0.11712,0.05856,-0.02928,-0.11712,0.1464,-0.32208,0.00488,0.00488,0.00488,0.07808,0.08784
0.14152,-0.08052,0.01952,-0.05124,-0.122,0.13176,-0.33184,0,0.00488,0.00488,0.07808,0.10736
0.13664,-0.0732,0.00976,-0.05856,-0.12688,0.13176,-0.32696,-0.01952,0.00976,0,0.07808,0.08296
0.1708,-0.10248,0.03416,-0.05124,-0.13664,0.15372,-0.29768,-0.03416,0.01464,-0.00488,0.0976,0.08784
0.1952,-0.12444,0.05368,-0.04392,-0.14152,0.16836,-0.28792,-0.03416,0.01952,-0.00488,0.10248,0.10736
0.17568,-0.11224,0.0488,-0.03904,-0.12688,0.15128,-0.25864,-0.03416,0.01464,-0.01464,0.09272,0.08296
0.1952,-0.12932,0.06344,-0.03416,-0.13176,0.16348,-0.24888,-0.03416,0.0244,-0.00488,0.08784,0.0732
0.244,-0.183,0.122,0,-0.122,0.183,-0.24888,-0.03416,0.05368,0.00488,0.0976,0.09272
0.2196,-0.1586,0.0976,-0.0122,-0.122,0.1708,-0.27816,-0.03416,0.03904,-0.00976,0.08296,0.0732
0.15128,-0.09272,0.03416,-0.04148,-0.11712,0.1342,-0.30256,-0.03416,0.01952,-0.04392,0.05368,0.00488
0.10248,-0.0488,-0.00488,-0.05612,-0.10736,0.10492,-0.31232,-0.03416,0.00976,-0.0488,0.03416,-0.01952
0.07808,-0.01952,-0.03904,-0.07808,-0.11712,0.0976,-0.30744,-0.02928,0.00488,-0.04392,0.03416,-0.01952
0.07808,-0.0244,-0.02928,-0.06832,-0.10736,0.09272,-0.32208,-0.0244,0.01464,-0.03416,0.04392,-0.00976
0.10248,-0.05368,0.00488,-0.04636,-0.0976,0.10004,-0.33184,-0.01464,0.01464,-0.0244,0.05368,-0.01464
0.09272,-0.04392,-0.00488,-0.05124,-0.0976,0.09516,-0.35624,-0.01464,0.00976,-0.03416,0.05368,-0.01952
0.06344,-0.0122,-0.03904,-0.07076,-0.10248,0.08296,-0.35136,-0.03416,0.00976,-0.03904,0.03416,-0.02928
0.06344,-0.00732,-0.0488,-0.08052,-0.11224,0.08784,-0.33672,-0.03904,0.00976,-0.06832,0.00488,-0.03904
0.08296,-0.01464,-0.05368,-0.09516,-0.13664,0.1098,-0.33672,-0.03416,0.00488,-0.06344,0.00488,-0.03904
0.08296,-0.0244,-0.03416,-0.07564,-0.11712,0.10004,-0.32696,-0.03904,0.00488,-0.06344,0.00488,-0.02928
0.08296,-0.01952,-0.04392,-0.0854,-0.12688,0.10492,-0.3172,-0.05368,-0.00976,-0.06344,-0.00976,-0.02928
0.0976,-0.0366,-0.0244,-0.0732,-0.122,0.1098,-0.30256,-0.06832,-0.01464,-0.05368,-0.00976,-0.02928
0.122,-0.05612,-0.00976,-0.07076,-0.13176,0.12688,-0.2928,-0.05856,-0.00976,-0.05368,0,-0.02928
0.10736,-0.03904,-0.02928,-0.08296,-0.13664,0.122,-0.29768,-0.06832,-0.01952,-0.06832,-0.00976,-0.04392
0.06344,0.00244,-0.06832,-0.10004,-0.13176,0.0976,-0.29768,-0.07808,-0.03904,-0.07808,-0.02928,-0.0488
0.05856,0.01464,-0.08784,-0.11712,-0.1464,0.10248,-0.28304,-0.06344,-0.04392,-0.07808,-0.02928,-0.0488
0.05856,0.00976,-0.07808,-0.10736,-0.13664,0.0976,-0.27816,-0.05856,-0.03416,-0.06832,-0.01464,-0.04392
0.06832,-0.00732,-0.05368,-0.08784,-0.122,0.09516,-0.28792,-0.03416,-0.01952,-0.05856,0,-0.03904
0.10248,-0.04148,-0.01952,-0.07076,-0.122,0.11224,-0.25376,-0.01464,-0.01952,-0.0488,0.00976,-0.02928
0.16592,-0.09516,0.0244,-0.05856,-0.14152,0.15372,-0.23424,-0.01952,0,-0.03416,0.01464,-0.01952
0.12688,-0.06832,0.00976,-0.05368,-0.11712,0.122,-0.25376,-0.03904,-0.00488,-0.0244,0.01952,-0.0244
0.1464,-0.08296,0.01952,-0.05368,-0.12688,0.13664,-0.28304,0.05368,0.00488,-0.03416,0,-0.01952
0.11224,-0.0488,-0.01464,-0.07076,-0.12688,0.11956,-0.18056,0.24888,0.03904,-0.04392,-0.01952,-0.06344
0.08784,-0.0488,0.00976,-0.03416,-0.07808,0.08296,-0.06832,0.32696,0.07808,-0.04392,-0.04392,-0.10248
0.08296,-0.09272,0.10248,0.061,0.01952,0.03172,-0.0488,0.2684,0.14152,0.00488,-0.00976,-0.10736
0.1464,-0.16836,0.19032,0.11712,0.04392,0.05124,-0.02928,0.1708,0.20008,0.07808,0.03904,-0.05368
0.16104,-0.20008,0.23912,0.1586,0.07808,0.04148,-0.11712,-0.05368,0.18056,0.10736,0.0976,0
0.31232,-0.30256,0.2928,0.13664,-0.01952,0.16592,-0.17568,-0.12688,0.16104,0.15616,0.18544,0.06832
0.7076,-0.61244,0.51728,0.16348,-0.19032,0.44896,-0.33672,-0.19032,0.13664,0.27328,0.3416,0.20984
0.7564,-0.63684,0.51728,0.13908,-0.23912,0.49776,-0.61976,-0.61,0,0.33672,0.47336,0.38064
0.88816,-0.70028,0.5124,0.06832,-0.37576,0.63196,-0.9516,-1.25416,-0.19032,0.37576,0.62464,0.6344
0.94672,-0.72224,0.49776,0.0244,-0.44896,0.69784,-1.18584,-2.06912,-0.40992,0.30256,0.6588,0.87352
0.88328,-0.62952,0.37576,-0.06588,-0.50752,0.6954,-1.15168,-2.21064,-0.59536,0.0732,0.4636,0.87352
0.47336,-0.35868,0.244,0.00732,-0.22936,0.35136,-0.96624,-2.2204,-0.70272,-0.06832,0.2928,0.81984
0.20008,-0.14396,0.08784,-0.0122,-0.11224,0.15616,-0.82472,-1.72752,-0.67832,-0.20008,0.08296,0.58072
0.09272,-0.03416,-0.0244,-0.07076,-0.11712,0.10492,-0.63928,-1.13704,-0.49776,-0.21472,-0.04392,0.25864
0,0.04636,-0.09272,-0.09272,-0.09272,0.04636,-0.488,-0.6832,-0.32696,-0.19032,-0.0976,0.04392
-0.00976,0.06344,-0.11712,-0.11224,-0.10736,0.0488,-0.28792,-0.37088,-0.20984,-0.18544,-0.12688,-0.08784
-0.00488,0.05612,-0.10736,-0.10492,-0.10248,0.0488,-0.08784,-0.15616,-0.06832,-0.14152,-0.11224,-0.122
0.0244,0.02684,-0.07808,-0.09028,-0.10248,0.06344,-0.01952,-0.08296,0,-0.09272,-0.08296,-0.11224
0.05368,-0.00732,-0.03904,-0.06588,-0.09272,0.0732,-0.0244,-0.04392,0.01952,-0.05368,-0.03416,-0.10248
0.05856,-0.02196,-0.01464,-0.04392,-0.0732,0.06588,-0.00488,-0.01952,0.03416,-0.0488,-0.00976,-0.0976
0.08296,-0.02928,-0.0244,-0.06588,-0.10736,0.09516,0.01952,-0.00488,0.04392,-0.0488,-0.02928,-0.10736
0.07808,-0.03416,-0.00976,-0.0488,-0.08784,0.08296,0.0244,0.00488,0.05856,-0.04392,-0.0244,-0.10736
0.06832,-0.03172,-0.00488,-0.03904,-0.0732,0.07076,0.0244,0.00488,0.05856,-0.03904,-0.01464,-0.11712
0.06344,-0.02196,-0.01952,-0.05124,-0.08296,0.0732,-0.00976,0.01952,0.03416,-0.0488,-0.0244,-0.122
0.07808,-0.02928,-0.01952,-0.05856,-0.0976,0.08784,-0.01952,0.05368,0.0488,-0.04392,-0.01464,-0.10248
0.03904,-0.00488,-0.02928,-0.0488,-0.06832,0.05368,0.01952,0.05368,0.06832,-0.03904,-0.01952,-0.122
0.03416,0.00732,-0.0488,-0.06588,-0.08296,0.05856,0.00976,0.02928,0.05856,-0.0488,-0.01464,-0.122
0.00976,0.02928,-0.06832,-0.0732,-0.07808,0.04392,0,0.02928,0.03416,-0.0488,-0.0244,-0.11224
0.03904,0.01464,-0.06832,-0.08784,-0.10736,0.0732,0.00976,0.02928,0.03416,-0.05856,-0.03416,-0.122
0.02928,0.0122,-0.05368,-0.06832,-0.08296,0.05612,0.0488,0.01952,0.03904,-0.05368,-0.04392,-0.122
0.0244,0.01464,-0.05368,-0.06588,-0.07808,0.05124,0.05856,0.00488,0.02928,-0.05368,-0.0488,-0.13176
0.00976,0.02684,-0.06344,-0.06832,-0.0732,0.04148,0.04392,-0.00976,0.01952,-0.05368,-0.0488,-0.14152
0.00976,0.03172,-0.0732,-0.07808,-0.08296,0.04636,0.02928,-0.00488,0.01952,-0.06344,-0.04392,-0.12688
-0.0244,0.05612,-0.08784,-0.07564,-0.06344,0.01952,0.0244,0.01464,0.0244,-0.06832,-0.0488,-0.12688
-0.0244,0.061,-0.0976,-0.0854,-0.0732,0.0244,0.0488,-0.00488,0.01952,-0.08296,-0.06344,-0.11712
-0.03416,0.06832,-0.10248,-0.0854,-0.06832,0.01708,0.09272,0.00488,0.02928,-0.07808,-0.05856,-0.11712
-0.01464,0.05368,-0.09272,-0.0854,-0.07808,0.03172,0.122,0.00976,0.02928,-0.05368,-0.05368,-0.11224
-0.02928,0.05856,-0.08784,-0.0732,-0.05856,0.01464,0.12688,0.00976,0.03416,-0.0732,-0.05856,-0.11712
-0.03904,0.06588,-0.09272,-0.0732,-0.05368,0.00732,0.14152,0.00976,0.03416,-0.06344,-0.05368,-0.11712
-0.00976,0.04148,-0.0732,-0.06832,-0.06344,0.02684,0.13664,0.02928,0.03416,-0.03904,-0.0488,-0.11712
0,0.02684,-0.05368,-0.05368,-0.05368,0.02684,0.14152,0.05368,0.04392,-0.02928,-0.02928,-0.0976
-0.01464,0.03904,-0.06344,-0.05612,-0.0488,0.01708,0.15128,0.05856,0.04392,-0.03904,-0.03904,-0.09272
-0.01952,0.04392,-0.06832,-0.05856,-0.0488,0.01464,0.17568,0.05368,0.03416,-0.03904,-0.0488,-0.07808
-0.01952,0.04148,-0.06344,-0.05368,-0.04392,0.0122,0.19032,0.05856,0.03904,-0.03904,-0.04392,-0.07808
0,0.0244,-0.0488,-0.0488,-0.0488,0.0244,0.20984,0.05368,0.0488,-0.03904,-0.03904,-0.05856
0,0.01464,-0.02928,-0.02928,-0.02928,0.01464,0.20984,0.05856,0.06344,-0.03904,-0.04392,-0.05368
0,0.01708,-0.03416,-0.03416,-0.03416,0.01708,0.20984,0.07808,0.06832,-0.03904,-0.03904,-0.05856
-0.01464,0.03416,-0.05368,-0.04636,-0.03904,0.0122,0.20984,0.07808,0.06832,-0.03904,-0.0488,-0.06832
-0.01464,0.04148,-0.06832,-0.061,-0.05368,0.01952,0.1952,0.09272,0.05856,-0.0488,-0.05368,-0.0732
-0.03416,0.061,-0.08784,-0.07076,-0.05368,0.00976,0.20984,0.10248,0.05368,-0.05856,-0.06344,-0.08296
-0.01464,0.04636,-0.07808,-0.07076,-0.06344,0.0244,0.23424,0.09272,0.0732,-0.03904,-0.05368,-0.0732
-0.00488,0.02196,-0.03904,-0.0366,-0.03416,0.01464,0.24888,0.09272,0.09272,-0.01952,-0.03904,-0.06344
0,0.01708,-0.03416,-0.03416,-0.03416,0.01708,0.28304,0.13664,0.0976,-0.01464,-0.03904,-0.0488
-0.00976,0.02928,-0.0488,-0.04392,-0.03904,0.01464,0.29768,0.1708,0.10248,-0.0244,-0.03416,-0.06344
-0.01464,0.02928,-0.04392,-0.0366,-0.02928,0.00732,0.3172,0.20496,0.11224,-0.00488,-0.01952,-0.06832
-0.0244,0.03416,-0.04392,-0.03172,-0.01952,-0.00244,0.32696,0.23424,0.11224,0,-0.03904,-0.06344
-0.0244,0.01708,-0.00976,0.00244,0.01464,-0.01952,0.33184,0.25864,0.11224,0.00488,-0.02928,-0.05856
-0.01464,0.0244,-0.03416,-0.02684,-0.01952,0.00244,0.33184,0.28792,0.122,0.00976,-0.0244,-0.06832
0.00488,0.00732,-0.01952,-0.02196,-0.0244,0.01464,0.36112,0.3172,0.13176,0.01464,-0.0244,-0.08296
-0.00976,0.01952,-0.02928,-0.0244,-0.01952,0.00488,0.38552,0.35136,0.14152,0.0244,-0.0244,-0.0732
-0.03416,0.03904,-0.04392,-0.02684,-0.00976,-0.0122,0.40992,0.38064,0.15616,0.01952,-0.03416,-0.07808
-0.02928,0.03904,-0.0488,-0.03416,-0.01952,-0.00488,0.40016,0.40016,0.16592,0.02928,-0.01464,-0.08296
0.00488,0.00488,-0.01464,-0.01708,-0.01952,0.0122,0.4148,0.40504,0.18544,0.0488,0.01464,-0.08784
0.00488,0,-0.00488,-0.00732,-0.00976,0.00732,0.43432,0.41968,0.19032,0.05856,0.02928,-0.08296
0.03416,-0.02196,0.00976,-0.00732,-0.0244,0.02928,0.4392,0.4148,0.18056,0.05856,0.02928,-0.09272
0.03416,-0.01952,0.00488,-0.0122,-0.02928,0.03172,0.43432,0.4148,0.1708,0.06344,0.02928,-0.0976
0.06344,-0.0366,0.00976,-0.02196,-0.05368,0.05856,0.42944,0.40992,0.16592,0.05856,0.03416,-0.09272
0.06832,-0.03904,0.00976,-0.0244,-0.05856,0.06344,0.41968,0.37088,0.15616,0.0488,0.03416,-0.10248
0.09272,-0.05124,0.00976,-0.0366,-0.08296,0.08784,0.4392,0.35624,0.16592,0.06344,0.03904,-0.0976
0.09272,-0.061,0.02928,-0.01708,-0.06344,0.07808,0.44408,0.33672,0.16592,0.07808,0.0488,-0.08296
0.09272,-0.06832,0.04392,-0.00244,-0.0488,0.07076,0.44896,0.30744,0.15128,0.08296,0.0488,-0.06832
0.09272,-0.06588,0.03904,-0.00732,-0.05368,0.0732,0.44896,0.2684,0.1464,0.0732,0.0488,-0.0732
0.08296,-0.061,0.03904,-0.00244,-0.04392,0.06344,0.4392,0.23912,0.13176,0.0488,0.03416,-0.06832
0.08296,-0.05612,0.02928,-0.0122,-0.05368,0.06832,0.43432,0.1952,0.122,0.04392,0.02928,-0.04392
0.0732,-0.04392,0.01464,-0.02196,-0.05856,0.06588,0.42944,0.15616,0.11224,0.03904,0.01464,-0.02928
0.08784,-0.05124,0.01464,-0.02928,-0.0732,0.08052,0.41968,0.11712,0.09272,0.0244,0.01464,-0.0244
0.07808,-0.04392,0.00976,-0.02928,-0.06832,0.0732,0.40016,0.0732,0.06832,0.0244,-0.00488,-0.0244
0.0488,-0.02196,-0.00488,-0.02928,-0.05368,0.05124,0.3904,0.03416,0.0488,0.01464,-0.00488,-0.0488
0.01952,-0.00244,-0.01464,-0.0244,-0.03416,0.02684,0.35624,0.01464,0.02928,0.00488,-0.0244,-0.03904
0.00976,0.0122,-0.03416,-0.03904,-0.04392,0.02684,0.38064,0.00976,0.01464,-0.01952,-0.02928,-0.03904
0.00488,0.01708,-0.03904,-0.04148,-0.04392,0.0244,0.40504,-0.0244,0.01464,-0.00976,-0.03416,-0.03416
0.00488,0.00976,-0.0244,-0.02684,-0.02928,0.01708,0.40504,-0.02928,0.00976,0,-0.03416,-0.0244
0.03416,-0.01952,0.00488,-0.0122,-0.02928,0.03172,0.38552,-0.01952,0.00488,-0.00976,-0.02928,-0.02928
0.06344,-0.04392,0.0244,-0.00732,-0.03904,0.05124,0.38552,-0.01952,0.00488,-0.00976,-0.02928,-0.0244
0.03904,-0.01952,0,-0.01952,-0.03904,0.03904,0.366,-0.03416,-0.00976,-0.04392,-0.0488,-0.03416
-0.00976,0.03416,-0.05856,-0.05368,-0.0488,0.01952,0.34648,-0.0732,-0.03416,-0.04392,-0.06832,-0.03416
-0.0488,0.07076,-0.09272,-0.06832,-0.04392,-0.00244,0.3172,-0.08784,-0.0488,-0.04392,-0.08296,-0.04392
-0.06832,0.09028,-0.11224,-0.07808,-0.04392,-0.0122,0.30744,-0.07808,-0.05856,-0.06344,-0.08784,-0.05368
-0.06832,0.08784,-0.10736,-0.0732,-0.03904,-0.01464,0.2928,-0.0732,-0.06344,-0.0488,-0.0732,-0.04392
-0.05856,0.0732,-0.08784,-0.05856,-0.02928,-0.01464,0.2928,-0.09272,-0.06832,-0.02928,-0.0732,-0.02928
-0.05368,0.07076,-0.08784,-0.061,-0.03416,-0.00976,0.2928,-0.08296,-0.0732,-0.03416,-0.06832,-0.0244
-0.06832,0.08296,-0.0976,-0.06344,-0.02928,-0.01952,0.2684,-0.06832,-0.0732,-0.0488,-0.06832,-0.03904
-0.0488,0.061,-0.0732,-0.0488,-0.0244,-0.0122,0.2684,-0.0732,-0.06344,-0.0488,-0.07808,-0.0244
-0.01464,0.02928,-0.04392,-0.0366,-0.02928,0.00732,0.27816,-0.04392,-0.06344,-0.03416,-0.0732,-0.00976
-0.00488,0.0244,-0.04392,-0.04148,-0.03904,0.01708,0.27816,-0.0488,-0.06344,-0.0244,-0.07808,-0.00488
0,0.02928,-0.05856,-0.05856,-0.05856,0.02928,0.28304,-0.04392,-0.06832,-0.0488,-0.06832,-0.01952
0.0244,0.02196,-0.06832,-0.08052,-0.09272,0.05856,0.27328,-0.0488,-0.07808,-0.0488,-0.08784,-0.01464
0.00488,0.01464,-0.03416,-0.0366,-0.03904,0.02196,0.26352,-0.0488,-0.06832,-0.04392,-0.08296,-0.00976
0,0.01464,-0.02928,-0.02928,-0.02928,0.01464,0.25376,-0.05856,-0.0732,-0.02928,-0.06832,-0.03904
-0.01464,0.02928,-0.04392,-0.0366,-0.02928,0.00732,0.26352,-0.06832,-0.05856,-0.02928,-0.06832,-0.05368
-0.01464,0.03416,-0.05368,-0.04636,-0.03904,0.0122,0.28304,-0.05856,-0.05368,-0.02928,-0.08296,-0.06344
-0.0244,0.03172,-0.03904,-0.02684,-0.01464,-0.00488,0.28304,-0.03904,-0.05368,-0.0488,-0.09272,-0.05856
0.00488,0.0244,-0.05368,-0.05612,-0.05856,0.03172,0.28304,-0.03904,-0.05856,-0.05368,-0.10248,-0.04392
0.00976,0.02928,-0.06832,-0.0732,-0.07808,0.04392,0.27328,-0.03416,-0.06832,-0.06344,-0.10248,-0.05368
0.00976,0.01708,-0.04392,-0.0488,-0.05368,0.03172,0.25864,-0.02928,-0.05856,-0.0488,-0.0732,-0.05856
-0.00976,0.0244,-0.03904,-0.03416,-0.02928,0.00976,0.244,-0.01464,-0.04392,-0.01464,-0.0732,-0.05368
0.01464,0.00244,-0.01952,-0.02684,-0.03416,0.0244,0.244,0,-0.03904,-0.00488,-0.06344,-0.03904
0.03904,-0.03172,0.0244,0.00488,-0.01464,0.02684,0.25376,-0.01952,-0.0244,-0.00976,-0.0488,-0.03416
0.0244,-0.01952,0.01464,0.00244,-0.00976,0.01708,0.25864,0.0244,-0.0244,0.00488,-0.0488,-0.0488
0.01464,-0.00732,0,-0.00732,-0.01464,0.01464,0.24888,0.00976,-0.01464,0.00488,-0.0488,-0.04392
0,0,0,0,0,0,0.244,0.01464,-0.01952,0.00976,-0.06832,-0.04392
0.01952,-0.00732,-0.00488,-0.01464,-0.0244,0.02196,0.23912,0.00976,-0.0244,0,-0.05856,-0.05368
-0.01464,0,0.01464,0.02196,0.02928,-0.02196,0.22936,0.00976,-0.01952,-0.00976,-0.03904,-0.05368
0.02928,-0.02684,0.0244,0.00976,-0.00488,0.01708,0.22936,0,-0.01952,-0.00488,-0.0488,-0.04392
0.03416,-0.04148,0.0488,0.03172,0.01464,0.00976,0.23912,0.02928,-0.00976,0.00976,-0.03904,-0.04392
0.0488,-0.0488,0.0488,0.0244,0,0.0244,0.23424,0.03416,0.00976,0.01464,-0.02928,-0.03904
0.01952,-0.03172,0.04392,0.03416,0.0244,-0.00244,0.22936,0.04392,0.00488,0.00976,-0.02928,-0.03904
-0.00488,0,0.00488,0.00732,0.00976,-0.00732,0.2196,0.01464,-0.00488,0.00976,-0.04392,-0.04392
-0.00488,0.00488,-0.00488,-0.00244,0,-0.00244,0.20496,0.03416,0.00488,0.00976,-0.04392,-0.04392
-0.00488,-0.0122,0.02928,0.03172,0.03416,-0.01952,0.20008,0.0244,0,0.01952,-0.03416,-0.02928
0.03416,-0.03172,0.02928,0.0122,-0.00488,0.01952,0.1952,0.04392,0,0.01952,-0.03416,-0.01952
0.0488,-0.04392,0.03904,0.01464,-0.00976,0.02928,0.18544,0.01952,0.00976,0,-0.02928,-0.01952
0.08784,-0.08296,0.07808,0.03416,-0.00976,0.0488,0.16592,0.01952,0.00976,0.01952,-0.00976,-0.00976
0.11712,-0.11224,0.10736,0.0488,-0.00976,0.06344,0.1464,0.01952,0.00976,0.02928,0,0
0.10736,-0.09272,0.07808,0.0244,-0.02928,0.06832,0.11224,0,0.00488,0.01952,-0.01464,-0.00488
0.06832,-0.05856,0.0488,0.01464,-0.01952,0.04392,0.08784,-0.01464,-0.00488,0.00976,-0.01952,-0.00488
0.01464,-0.00244,-0.00976,-0.01708,-0.0244,0.01952,0.0732,-0.0244,-0.02928,-0.02928,-0.0488,-0.02928
-0.0244,0.04392,-0.06344,-0.05124,-0.03904,0.00732,0.06344,-0.03904,-0.03904,-0.05856,-0.06832,-0.05856
0.03416,-0.00488,-0.0244,-0.04148,-0.05856,0.04636,0.0488,-0.05368,-0.02928,-0.02928,-0.0488,-0.03904
0.03904,-0.01708,-0.00488,-0.0244,-0.04392,0.04148,0.03904,-0.05856,-0.03904,-0.00488,-0.03904,-0.03416
0.05368,-0.01952,-0.01464,-0.04148,-0.06832,0.061,0.0488,-0.03904,-0.0244,-0.03416,-0.05856,-0.03416
0.06832,-0.03172,-0.00488,-0.03904,-0.0732,0.07076,0.05368,-0.03416,-0.01952,-0.0488,-0.06344,-0.02928
0.09272,-0.04148,-0.00976,-0.05612,-0.10248,0.0976,0.05368,-0.03904,-0.02928,-0.0488,-0.05856,-0.04392
0.06832,-0.02928,-0.00976,-0.04392,-0.07808,0.0732,0.05856,-0.03904,-0.03416,-0.0488,-0.05856,-0.04392
0.09272,-0.0488,0.00488,-0.04148,-0.08784,0.09028,0.06344,-0.0244,-0.0244,-0.0244,-0.0488,-0.02928
0.09272,-0.04636,0,-0.04636,-0.09272,0.09272,0.0732,-0.01464,-0.0244,-0.0244,-0.04392,-0.02928
0.08296,-0.0366,-0.00976,-0.05124,-0.09272,0.08784,0.07808,-0.03904,-0.02928,-0.04392,-0.05856,-0.05368
0.08296,-0.03904,-0.00488,-0.04636,-0.08784,0.0854,0.08296,-0.03416,-0.02928,-0.03416,-0.05856,-0.03416
0.07808,-0.04148,0.00488,-0.03416,-0.0732,0.07564,0.09272,-0.0244,-0.0244,-0.03904,-0.05856,-0.05856
0.05856,-0.0244,-0.00976,-0.03904,-0.06832,0.06344,0.09272,-0.01464,-0.01952,-0.04392,-0.06832,-0.05856
0.04392,-0.01952,-0.00488,-0.02684,-0.0488,0.04636,0.10248,-0.03904,-0.02928,-0.03904,-0.0732,-0.0732
0.03904,-0.00976,-0.01952,-0.03904,-0.05856,0.0488,0.11224,-0.05856,-0.03416,-0.03904,-0.0732,-0.0732
0.03904,-0.0122,-0.01464,-0.03416,-0.05368,0.04636,0.11712,-0.04392,-0.02928,-0.03416,-0.05368,-0.06832
0.03904,-0.01708,-0.00488,-0.0244,-0.04392,0.04148,0.13176,-0.03416,-0.01952,-0.03416,-0.05368,-0.0732
0.03416,-0.0122,-0.00976,-0.02684,-0.04392,0.03904,0.122,-0.02928,-0.03416,-0.0488,-0.06344,-0.07808
0.01952,0.00244,-0.0244,-0.03416,-0.04392,0.03172,0.11712,-0.03416,-0.03416,-0.0488,-0.06832,-0.07808
0.0244,-0.00244,-0.01952,-0.03172,-0.04392,0.03416,0.122,-0.03904,-0.03416,-0.03904,-0.06832,-0.09272
0.0244,-0.00244,-0.01952,-0.03172,-0.04392,0.03416,0.11712,-0.03416,-0.02928,-0.03904,-0.06832,-0.09272
0.00976,0.00976,-0.02928,-0.03416,-0.03904,0.0244,0.11224,-0.0244,-0.02928,-0.04392,-0.0732,-0.10248
0.00488,0.01464,-0.03416,-0.0366,-0.03904,0.02196,0.122,-0.01464,-0.02928,-0.06344,-0.07808,-0.10736
0.00488,0.01708,-0.03904,-0.04148,-0.04392,0.0244,0.11224,-0.03904,-0.03416,-0.06832,-0.08296,-0.11712
0.00488,0.01708,-0.03904,-0.04148,-0.04392,0.0244,0.11224,-0.04392,-0.02928,-0.06344,-0.08296,-0.12688
0.01464,0.00976,-0.03416,-0.04148,-0.0488,0.03172,0.11224,-0.03416,-0.01952,-0.06344,-0.06832,-0.13664
0.01464,0.01464,-0.04392,-0.05124,-0.05856,0.0366,0.11224,-0.03904,-0.0244,-0.06344,-0.0732,-0.12688
0.01464,0.0122,-0.03904,-0.04636,-0.05368,0.03416,0.11712,-0.02928,-0.02928,-0.06344,-0.0732,-0.13664
0.01952,0.00488,-0.02928,-0.03904,-0.0488,0.03416,0.12688,-0.02928,-0.02928,-0.06344,-0.07808,-0.13664
0.00976,0.01952,-0.0488,-0.05368,-0.05856,0.03416,0.10248,-0.0488,-0.03904,-0.0732,-0.08784,-0.1464
0.00488,0.02928,-0.06344,-0.06588,-0.06832,0.0366,0.09272,-0.0488,-0.0488,-0.08296,-0.08784,-0.15128
0.00976,0.02196,-0.05368,-0.05856,-0.06344,0.0366,0.07808,-0.04392,-0.03904,-0.0732,-0.08296,-0.1464
0.00488,0.0244,-0.05368,-0.05612,-0.05856,0.03172,0.0732,-0.03904,-0.03904,-0.0732,-0.07808,-0.15128
0.00488,0.02684,-0.05856,-0.061,-0.06344,0.03416,0.09272,-0.03416,-0.03904,-0.0732,-0.08296,-0.14152
0.00976,0.01708,-0.04392,-0.0488,-0.05368,0.03172,0.11712,-0.02928,-0.03904,-0.0732,-0.08296,-0.15616
0.03904,-0.00244,-0.03416,-0.05368,-0.0732,0.05612,0.11712,-0.0488,-0.02928,-0.06344,-0.07808,-0.13176
-0.02928,0.05612,-0.08296,-0.06832,-0.05368,0.0122,0.08784,-0.0244,-0.04392,-0.0732,-0.08784,-0.16104
-0.03416,0.06344,-0.09272,-0.07564,-0.05856,0.0122,0.09272,0.06832,-0.0244,-0.0732,-0.10736,-0.17568
-0.03416,0.06344,-0.09272,-0.07564,-0.05856,0.0122,0.15128,0.27816,0.01952,-0.09272,-0.12688,-0.21472
-0.05856,0.07564,-0.09272,-0.06344,-0.03416,-0.0122,0.22448,0.33672,0.07808,-0.06832,-0.13176,-0.244
-0.07808,0.04148,-0.00488,0.03416,0.0732,-0.07564,0.25376,0.2928,0.1708,-0.01952,-0.10248,-0.23424
-0.00976,-0.02928,0.06832,0.0732,0.07808,-0.04392,0.23424,0.15616,0.1708,0.0244,-0.05368,-0.18056
0.06832,-0.10492,0.14152,0.10736,0.0732,-0.00244,0.17568,0.02928,0.18056,0.07808,0.0488,-0.10248
0.2684,-0.20984,0.15128,0.01708,-0.11712,0.19276,0.08296,-0.0488,0.10248,0.09272,0.09272,-0.0488
0.49288,-0.35136,0.20984,-0.0366,-0.28304,0.38796,-0.1708,-0.366,0.01464,0.15128,0.21472,0.07808
0.71736,-0.54656,0.37576,0.01708,-0.3416,0.52948,-0.45872,-0.854,-0.13664,0.25376,0.4148,0.33184
0.7808,-0.61976,0.45872,0.06832,-0.32208,0.55144,-0.76128,-1.62016,-0.3904,0.28304,0.59048,0.65392
0.77592,-0.57828,0.38064,-0.00732,-0.39528,0.5856,-0.81496,-2.1716,-0.63928,0.11224,0.47824,0.78568
0.50264,-0.36112,0.2196,-0.03172,-0.28304,0.39284,-0.6344,-2.18624,-0.76128,-0.08296,0.25864,0.72224
0.13664,-0.09516,0.05368,-0.01464,-0.08296,0.1098,-0.34648,-1.99592,-0.8784,-0.28304,0.01464,0.54656
-0.05368,0.07564,-0.0976,-0.07076,-0.04392,-0.00488,-0.2196,-1.48352,-0.74176,-0.34648,-0.13664,0.30744
-0.14152,0.17812,-0.21472,-0.14396,-0.0732,-0.03416,-0.12688,-0.9272,-0.52704,-0.33184,-0.21472,-0.00976
-0.17568,0.19764,-0.2196,-0.13176,-0.04392,-0.06588,-0.06832,-0.59536,-0.33672,-0.28304,-0.23424,-0.1464
-0.13664,0.17568,-0.21472,-0.1464,-0.07808,-0.02928,0.06832,-0.3172,-0.2196,-0.23424,-0.23424,-0.23912
-0.11224,0.13176,-0.15128,-0.09516,-0.03904,-0.0366,0.1708,-0.12688,-0.10248,-0.16592,-0.1708,-0.2196
-0.08784,0.0976,-0.10736,-0.06344,-0.01952,-0.03416,0.20984,-0.05856,-0.03904,-0.122,-0.13176,-0.18544
-0.08296,0.1098,-0.13664,-0.09516,-0.05368,-0.01464,0.16592,-0.03416,-0.0488,-0.11712,-0.13176,-0.20496
-0.05856,0.09272,-0.12688,-0.0976,-0.06832,0.00488,0.16104,0.00488,-0.0244,-0.0976,-0.11712,-0.18544
-0.03416,0.07808,-0.122,-0.10492,-0.08784,0.02684,0.17568,0.01952,0,-0.10736,-0.122,-0.19032
-0.03904,0.06588,-0.09272,-0.0732,-0.05368,0.00732,0.1952,0.0244,0,-0.0976,-0.122,-0.18056
-0.03416,0.06344,-0.09272,-0.07564,-0.05856,0.0122,0.19032,0.00976,-0.00976,-0.10736,-0.13176,-0.19032
-0.00976,0.05368,-0.0976,-0.09272,-0.08784,0.03904,0.17568,0.02928,-0.0244,-0.122,-0.13176,-0.18056
-0.0244,0.06344,-0.10248,-0.09028,-0.07808,0.02684,0.1952,0.02928,0,-0.11224,-0.12688,-0.1952
-0.03416,0.06832,-0.10248,-0.0854,-0.06832,0.01708,0.20496,0.00976,0.00488,-0.10736,-0.122,-0.20008
-0.03416,0.07076,-0.10736,-0.09028,-0.0732,0.01952,0.20496,0.00976,0,-0.11712,-0.12688,-0.17568
-0.01952,0.05368,-0.08784,-0.07808,-0.06832,0.0244,0.20008,0.01952,0,-0.11712,-0.12688,-0.16104
-0.02928,0.06344,-0.0976,-0.08296,-0.06832,0.01952,0.21472,0.03416,0.01464,-0.10736,-0.12688,-0.16104
-0.0244,0.05124,-0.07808,-0.06588,-0.05368,0.01464,0.23912,0.03904,0.01952,-0.10248,-0.12688,-0.16592
-0.02928,0.06344,-0.0976,-0.08296,-0.06832,0.01952,0.24888,0.03416,0.01464,-0.11224,-0.12688,-0.17568
-0.01464,0.061,-0.10736,-0.10004,-0.09272,0.03904,0.244,0.03904,0.00976,-0.11224,-0.12688,-0.16592
-0.00976,0.05368,-0.0976,-0.09272,-0.08784,0.03904,0.23912,0.03904,0.01464,-0.10736,-0.122,-0.17568
-0.01952,0.05612,-0.09272,-0.08296,-0.0732,0.02684,0.23912,0.01464,0.00488,-0.11224,-0.13664,-0.17568
-0.04392,0.08296,-0.122,-0.10004,-0.07808,0.01708,0.23424,0.0244,-0.01464,-0.12688,-0.1464,-0.18544
-0.02928,0.07564,-0.122,-0.10736,-0.09272,0.03172,0.24888,0.03904,-0.0244,-0.122,-0.14152,-0.18544
-0.01952,0.06832,-0.11712,-0.10736,-0.0976,0.03904,0.2684,0.03904,-0.0244,-0.14152,-0.1464,-0.1708
-0.03904,0.07808,-0.11712,-0.0976,-0.07808,0.01952,0.28304,0.03416,-0.0244,-0.14152,-0.1464,-0.18056
-0.02928,0.0732,-0.11712,-0.10248,-0.08784,0.02928,0.27816,0.04392,-0.01464,-0.12688,-0.15128,-0.17568
-0.00976,0.05612,-0.10248,-0.0976,-0.09272,0.04148,0.25864,0.05856,-0.01464,-0.11712,-0.1464,-0.16104
-0.0488,0.08296,-0.11712,-0.09272,-0.06832,0.00976,0.26352,0.05368,-0.01464,-0.13176,-0.16592,-0.16592
-0.06832,0.10004,-0.13176,-0.0976,-0.06344,-0.00244,0.2684,0.05368,-0.01464,-0.1464,-0.16592,-0.16592
-0.07808,0.11224,-0.1464,-0.10736,-0.06832,-0.00488,0.26352,0.03904,-0.01952,-0.1464,-0.17568,-0.18544
-0.08296,0.11712,-0.15128,-0.1098,-0.06832,-0.00732,0.26352,0.01952,-0.02928,-0.1464,-0.1708,-0.19032
-0.07808,0.11468,-0.15128,-0.11224,-0.0732,-0.00244,0.2684,0.03416,-0.03416,-0.15616,-0.18056,-0.18056
-0.07808,0.11468,-0.15128,-0.11224,-0.0732,-0.00244,0.2684,0.06344,-0.01952,-0.15616,-0.18056,-0.18056
-0.06344,0.10736,-0.15128,-0.11956,-0.08784,0.0122,0.24888,0.06832,-0.02928,-0.1464,-0.1708,-0.16592
-0.06832,0.1098,-0.15128,-0.11712,-0.08296,0.00732,0.22936,0.07808,-0.02928,-0.1464,-0.1708,-0.18056
-0.07808,0.11468,-0.15128,-0.11224,-0.0732,-0.00244,0.20008,0.08784,-0.00976,-0.14152,-0.16592,-0.17568
-0.05856,0.10492,-0.15128,-0.122,-0.09272,0.01708,0.20496,0.09272,-0.00488,-0.1464,-0.1708,-0.18544
-0.0488,0.09028,-0.13176,-0.10736,-0.08296,0.01708,0.22448,0.11712,0.00488,-0.13664,-0.16592,-0.16592
-0.03904,0.07564,-0.11224,-0.09272,-0.0732,0.01708,0.24888,0.1708,0.01952,-0.11712,-0.16104,-0.1464
-0.01464,0.05856,-0.10248,-0.09516,-0.08784,0.0366,0.22936,0.1708,0.0244,-0.11712,-0.1464,-0.1464
0.00488,0.0366,-0.07808,-0.08052,-0.08296,0.04392,0.22448,0.18056,0.04392,-0.11712,-0.13176,-0.18056
-0.01464,0.05612,-0.0976,-0.09028,-0.08296,0.03416,0.21472,0.20984,0.03416,-0.10736,-0.13664,-0.1708
-0.05856,0.08784,-0.11712,-0.08784,-0.05856,0,0.20496,0.22936,0.03416,-0.122,-0.15616,-0.17568
-0.03416,0.08784,-0.14152,-0.12444,-0.10736,0.0366,0.20496,0.25864,0.03904,-0.11224,-0.14152,-0.15128
-0.0488,0.09028,-0.13176,-0.10736,-0.08296,0.01708,0.20984,0.2928,0.06344,-0.10736,-0.14152,-0.14152
0.03416,0.0122,-0.05856,-0.07564,-0.09272,0.06344,0.22936,0.3172,0.09272,-0.07808,-0.0976,-0.13664
0.06344,-0.01464,-0.03416,-0.06588,-0.0976,0.08052,0.22936,0.36112,0.10736,-0.05368,-0.0976,-0.13176
0.00488,0.0366,-0.07808,-0.08052,-0.08296,0.04392,0.21472,0.38552,0.09272,-0.06344,-0.10248,-0.15128
-0.02928,0.06832,-0.10736,-0.09272,-0.07808,0.0244,0.20008,0.3904,0.0976,-0.0732,-0.10248,-0.16104
-0.01952,0.05856,-0.0976,-0.08784,-0.07808,0.02928,0.20984,0.3904,0.10248,-0.05368,-0.08784,-0.1464
0.00488,0.04392,-0.09272,-0.09516,-0.0976,0.05124,0.20496,0.40504,0.10248,-0.04392,-0.0732,-0.15128
0.04392,0.00976,-0.06344,-0.0854,-0.10736,0.07564,0.20496,0.4148,0.11224,-0.0244,-0.06832,-0.13664
0.06344,-0.00976,-0.04392,-0.07564,-0.10736,0.0854,0.19032,0.4148,0.10248,-0.0244,-0.06344,-0.11224
0.09272,-0.04392,-0.00488,-0.05124,-0.0976,0.09516,0.15128,0.40504,0.11712,-0.01464,-0.04392,-0.09272
0.122,-0.06344,0.00488,-0.05612,-0.11712,0.11956,0.12688,0.366,0.10736,-0.01464,-0.03416,-0.09272
0.11224,-0.05368,-0.00488,-0.061,-0.11712,0.11468,0.10248,0.34648,0.08784,-0.01464,-0.03416,-0.08296
0.09272,-0.05124,0.00976,-0.0366,-0.08296,0.08784,0.07808,0.32696,0.0732,-0.00976,-0.02928,-0.06344
0.08296,-0.0366,-0.00976,-0.05124,-0.09272,0.08784,0.05856,0.2928,0.0732,-0.00976,-0.01952,-0.05856
0.08296,-0.03172,-0.01952,-0.061,-0.10248,0.09272,0.04392,0.24888,0.06344,-0.0244,-0.01952,-0.06344
0.10248,-0.05368,0.00488,-0.04636,-0.0976,0.10004,0.0244,0.21472,0.05856,-0.0244,-0.0244,-0.06832
0.122,-0.07076,0.01952,-0.04148,-0.10248,0.11224,0.01464,0.1952,0.0488,-0.0244,-0.02928,-0.0488
0.06344,-0.02928,-0.00488,-0.0366,-0.06832,0.06588,-0.00488,0.13176,0.0244,-0.0488,-0.05368,-0.03904
0.08784,-0.0366,-0.01464,-0.05856,-0.10248,0.09516,-0.01952,0.08784,-0.00488,-0.06344,-0.0732,-0.01952
0.05856,-0.01952,-0.01952,-0.0488,-0.07808,0.06832,-0.01464,0.06832,-0.00976,-0.06832,-0.0732,-0.04392
0.0488,-0.01952,-0.00976,-0.03416,-0.05856,0.05368,-0.02928,0.05368,-0.00976,-0.07808,-0.08784,-0.0488
0.04392,-0.01952,-0.00488,-0.02684,-0.0488,0.04636,-0.03904,0.04392,0,-0.06832,-0.0732,-0.0488
0.03416,-0.0122,-0.00976,-0.02684,-0.04392,0.03904,-0.00976,0.00976,-0.00488,-0.06344,-0.0732,-0.05368
0.00488,0.01952,-0.04392,-0.04636,-0.0488,0.02684,-0.03416,-0.00488,-0.02928,-0.08296,-0.08784,-0.03416
-0.00976,0.03416,-0.05856,-0.05368,-0.0488,0.01952,-0.06832,-0.01464,-0.05368,-0.10248,-0.10248,-0.03904
0,0.02684,-0.05368,-0.05368,-0.05368,0.02684,-0.08296,-0.01464,-0.04392,-0.0976,-0.08784,-0.03416
-0.00488,0.02928,-0.05368,-0.05124,-0.0488,0.02196,-0.10736,-0.01464,-0.03904,-0.09272,-0.07808,-0.02928
0,0.02196,-0.04392,-0.04392,-0.04392,0.02196,-0.10248,-0.0244,-0.05368,-0.0976,-0.06832,-0.00976
0.01952,0.00244,-0.0244,-0.03416,-0.04392,0.03172,-0.0976,-0.03416,-0.06344,-0.08784,-0.05856,-0.00976
0.02928,-0.0122,-0.00488,-0.01952,-0.03416,0.03172,-0.0976,-0.00976,-0.06344,-0.0732,-0.06344,-0.01464
0.03904,-0.02196,0.00488,-0.01464,-0.03416,0.0366,-0.0976,-0.00976,-0.06344,-0.09272,-0.06832,-0.00488
0.02928,-0.00976,-0.00976,-0.0244,-0.03904,0.03416,-0.14152,-0.02928,-0.05368,-0.08784,-0.08296,-0.01952
0.00976,0.0122,-0.03416,-0.03904,-0.04392,0.02684,-0.15616,-0.04392,-0.05856,-0.08296,-0.08784,-0.01464
-0.00976,0.03172,-0.05368,-0.0488,-0.04392,0.01708,-0.16592,-0.0488,-0.08296,-0.08296,-0.07808,-0.04392
-0.01464,0.0366,-0.05856,-0.05124,-0.04392,0.01464,-0.18056,-0.06344,-0.10248,-0.10736,-0.08296,-0.07808
0,0.02928,-0.05856,-0.05856,-0.05856,0.02928,-0.20008,-0.05856,-0.11224,-0.11224,-0.08784,-0.06344
0.00488,0.02684,-0.05856,-0.061,-0.06344,0.03416,-0.20008,-0.03904,-0.122,-0.08784,-0.09272,-0.06344
-0.00488,0.0244,-0.04392,-0.04148,-0.03904,0.01708,-0.21472,-0.03416,-0.11224,-0.08784,-0.08784,-0.05856
0.01464,0.01464,-0.04392,-0.05124,-0.05856,0.0366,-0.23912,-0.03416,-0.12688,-0.10736,-0.08784,-0.05856
0.00976,0.0122,-0.03416,-0.03904,-0.04392,0.02684,-0.25864,-0.01952,-0.11224,-0.10248,-0.08784,-0.0488
0.01464,0.00244,-0.01952,-0.02684,-0.03416,0.0244,-0.28792,-0.00976,-0.10248,-0.0976,-0.0732,-0.05856
-0.00488,0.01464,-0.0244,-0.02196,-0.01952,0.00732,-0.30744,0,-0.10736,-0.08784,-0.06832,-0.05368
0.00976,0.01464,-0.03904,-0.04392,-0.0488,0.02928,-0.31232,0.00976,-0.0976,-0.07808,-0.0732,-0.06344
0.01952,-0.00732,-0.00488,-0.01464,-0.0244,0.02196,-0.32208,0.01464,-0.10248,-0.0732,-0.06344,-0.04392
0.04392,-0.02928,0.01464,-0.00732,-0.02928,0.0366,-0.3172,0.02928,-0.10248,-0.07808,-0.06832,-0.0244
0.0244,-0.00976,-0.00488,-0.01708,-0.02928,0.02684,-0.35624,0.02928,-0.09272,-0.06832,-0.05368,-0.03416
0,0.00244,-0.00488,-0.00488,-0.00488,0.00244,-0.3904,0.04392,-0.08296,-0.05856,-0.03416,-0.03416
0.00488,-0.00732,0.00976,0.00732,0.00488,0,-0.4148,0.04392,-0.08784,-0.0488,-0.03416,-0.03416
0.01464,0,-0.01464,-0.02196,-0.02928,0.02196,-0.43432,0.05856,-0.0976,-0.0488,-0.03904,-0.02928
0.0732,-0.0488,0.0244,-0.0122,-0.0488,0.061,-0.42456,0.05368,-0.08296,-0.06344,-0.03904,-0.00488
0.08784,-0.06588,0.04392,0,-0.04392,0.06588,-0.4148,0.06832,-0.06344,-0.07808,-0.05856,0.00488
0.05368,-0.03416,0.01464,-0.0122,-0.03904,0.04636,-0.4392,0.05368,-0.06832,-0.06344,-0.0488,-0.03904
0.01464,0.00732,-0.02928,-0.0366,-0.04392,0.02928,-0.4636,0.01952,-0.06344,-0.05856,-0.03904,-0.05368
0.06344,-0.03416,0.00488,-0.02684,-0.05856,0.061,-0.47336,0.05368,-0.05368,-0.04392,-0.06832,-0.01464
0.03904,-0.0244,0.00976,-0.00976,-0.02928,0.03416,-0.4636,0.06832,-0.03904,-0.03904,-0.0488,-0.00488
0.0244,-0.00732,-0.00976,-0.02196,-0.03416,0.02928,-0.48312,0.0488,-0.05368,-0.05856,-0.02928,-0.01952
0.00976,0.00732,-0.0244,-0.02928,-0.03416,0.02196,-0.49288,0.05856,-0.05856,-0.05368,-0.01464,-0.03904
0.05368,-0.04148,0.02928,0.00244,-0.0244,0.03904,-0.49776,0.06344,-0.03904,-0.01952,0.01464,-0.0244
0.07808,-0.06832,0.05856,0.01952,-0.01952,0.0488,-0.488,0.09272,-0.02928,0.00976,0.03416,-0.00488
0.0488,-0.05368,0.05856,0.03416,0.00976,0.01952,-0.49776,0.08296,-0.00488,0.0244,0.05368,0
0.0488,-0.05856,0.06832,0.04392,0.01952,0.01464,-0.50752,0.08784,0.00488,0.03416,0.0488,0
0.03416,-0.0488,0.06344,0.04636,0.02928,0.00244,-0.50264,0.08784,0.00488,0.0244,0.05856,-0.00976
0.0244,-0.05124,0.07808,0.06588,0.05368,-0.01464,-0.49776,0.07808,0,0.0244,0.05368,-0.00976
0.05856,-0.08296,0.10736,0.07808,0.0488,0.00488,-0.488,0.07808,0.00488,0.02928,0.05368,0.00976
0.08296,-0.10492,0.12688,0.0854,0.04392,0.01952,-0.49776,0.09272,0,0.03904,0.06344,0.02928
0.01464,-0.03172,0.0488,0.04148,0.03416,-0.00976,-0.5368,0.09272,-0.01952,0.02928,0.04392,-0.03416
0.05368,-0.05124,0.0488,0.02196,-0.00488,0.02928,-0.55144,0.03904,-0.03904,0.01464,0.05368,0.0488
0.06832,-0.061,0.05368,0.01952,-0.01464,0.04148,-0.56608,0.03416,-0.03904,0.00976,0.05856,0.01464
0.06832,-0.06588,0.06344,0.02928,-0.00488,0.0366,-0.56608,0.0244,-0.03904,0.00976,0.05856,-0.01464
0.08784,-0.0732,0.05856,0.01464,-0.02928,0.05856,-0.57096,0.02928,-0.03904,0.01952,0.0488,-0.01952
0.06832,-0.05856,0.0488,0.01464,-0.01952,0.04392,-0.57096,0.02928,-0.02928,0.00976,0.03904,-0.0244
0.10248,-0.0854,0.06832,0.01708,-0.03416,0.06832,-0.57096,0.0244,-0.03416,0.01952,0.0488,0.01464
0.122,-0.11468,0.10736,0.04636,-0.01464,0.06832,-0.5856,0.00488,-0.0244,0.01952,0.0488,0.01952
0.13176,-0.12444,0.11712,0.05124,-0.01464,0.0732,-0.5856,0,-0.03904,0.00976,0.03904,0.02928
0.10736,-0.09516,0.08296,0.02928,-0.0244,0.06588,-0.5856,0.00976,-0.05856,0.00976,0.03416,0.01464
0.09272,-0.07564,0.05856,0.0122,-0.03416,0.06344,-0.59048,0.00976,-0.06832,0.00976,0.0244,0.00488
0.0976,-0.07076,0.04392,-0.00488,-0.05368,0.07564,-0.58072,-0.00488,-0.07808,-0.00488,0.01464,0.00976
0.09272,-0.05612,0.01952,-0.02684,-0.0732,0.08296,-0.57096,-0.00488,-0.09272,-0.01464,0.00488,-0.01464
0.0488,-0.01708,-0.01464,-0.03904,-0.06344,0.05612,-0.57096,-0.01464,-0.10736,-0.0244,-0.00488,-0.02928
0.0244,-0.00244,-0.01952,-0.03172,-0.04392,0.03416,-0.55632,-0.00488,-0.10736,-0.01464,-0.00488,-0.01952
0.01952,0,-0.01952,-0.02928,-0.03904,0.02928,-0.52704,0.00976,-0.0976,-0.01464,0.00488,0
0.0488,-0.02684,0.00488,-0.01952,-0.04392,0.04636,-0.5124,-0.00976,-0.0976,-0.0244,0,-0.01952
0.10248,-0.07076,0.03904,-0.0122,-0.06344,0.08296,-0.48312,-0.0244,-0.09272,-0.01952,0,-0.0244
0.10248,-0.07564,0.0488,-0.00244,-0.05368,0.07808,-0.47336,-0.00488,-0.0976,-0.01952,-0.00976,0.00488
0.05368,-0.03416,0.01464,-0.0122,-0.03904,0.04636,-0.44408,0.01464,-0.10248,-0.03904,-0.00976,-0.00976
0.01464,0.00732,-0.02928,-0.0366,-0.04392,0.02928,-0.45384,0.01464,-0.10736,-0.03904,-0.03416,-0.03904
-0.00488,0.02196,-0.03904,-0.0366,-0.03416,0.01464,-0.45384,-0.00488,-0.10736,-0.03904,-0.03416,-0.06832
-0.03416,0.05612,-0.07808,-0.061,-0.04392,0.00488,-0.44896,-0.01952,-0.12688,-0.05368,-0.0244,-0.08296
-0.04392,0.0732,-0.10248,-0.08052,-0.05856,0.00732,-0.42456,-0.02928,-0.12688,-0.07808,-0.03416,-0.09272
-0.00976,0.04392,-0.07808,-0.0732,-0.06832,0.02928,-0.40504,-0.01952,-0.11712,-0.06832,-0.0244,-0.0732
0.03416,-0.00488,-0.0244,-0.04148,-0.05856,0.04636,-0.3904,-0.00488,-0.10248,-0.04392,-0.00488,-0.04392
0.02928,-0.00488,-0.01952,-0.03416,-0.0488,0.03904,-0.38064,-0.01464,-0.10248,-0.04392,-0.00488,-0.03904
-0.0244,0.04392,-0.06344,-0.05124,-0.03904,0.00732,-0.37088,-0.0244,-0.10248,-0.05368,-0.01464,-0.04392
-0.01952,0.04148,-0.06344,-0.05368,-0.04392,0.0122,-0.36112,-0.01952,-0.08296,-0.03904,-0.00488,-0.03416
0.01952,0,-0.01952,-0.02928,-0.03904,0.02928,-0.32696,-0.00976,-0.0732,-0.01464,0.01464,-0.03416
0.00976,0.00732,-0.0244,-0.02928,-0.03416,0.02196,-0.3172,-0.01952,-0.07808,-0.03904,-0.00488,-0.0488
-0.05856,0.07808,-0.0976,-0.06832,-0.03904,-0.00976,-0.33672,-0.03416,-0.08296,-0.05368,-0.0244,-0.06832
-0.0732,0.0854,-0.0976,-0.061,-0.0244,-0.0244,-0.33672,-0.02928,-0.08784,-0.06344,-0.02928,-0.07808
-0.05368,0.07564,-0.0976,-0.07076,-0.04392,-0.00488,-0.34648,-0.0244,-0.09272,-0.06344,-0.03416,-0.07808
-0.0244,0.04636,-0.06832,-0.05612,-0.04392,0.00976,-0.32696,-0.01952,-0.08296,-0.0488,-0.01952,-0.06344
-0.00976,0.02684,-0.04392,-0.03904,-0.03416,0.0122,-0.28792,-0.00976,-0.05856,-0.03904,-0.00976,-0.05368
-0.01952,0.03172,-0.04392,-0.03416,-0.0244,0.00244,-0.28792,-0.01952,-0.05856,-0.0488,-0.0244,-0.05856
-0.04392,0.05856,-0.0732,-0.05124,-0.02928,-0.00732,-0.28792,-0.02928,-0.05856,-0.05856,-0.03416,-0.0732
-0.0488,0.07076,-0.09272,-0.06832,-0.04392,-0.00244,-0.28304,-0.01952,-0.06832,-0.0732,-0.03904,-0.0976
-0.0488,0.07076,-0.09272,-0.06832,-0.04392,-0.00244,-0.27816,-0.0244,-0.06832,-0.0732,-0.04392,-0.11224
-0.03904,0.06344,-0.08784,-0.06832,-0.0488,0.00488,-0.27328,-0.02928,-0.05856,-0.06832,-0.05368,-0.10248
-0.0244,0.04392,-0.06344,-0.05124,-0.03904,0.00732,-0.22936,-0.01952,-0.05856,-0.05856,-0.05368,-0.08296
0.0488,-0.02684,0.00488,-0.01952,-0.04392,0.04636,-0.17568,0.00976,-0.03904,-0.01464,-0.00488,-0.07808
-0.00976,0.03416,-0.05856,-0.05368,-0.0488,0.01952,-0.17568,0.00976,-0.04392,-0.0244,0.00976,-0.04392
-0.0488,0.07808,-0.10736,-0.08296,-0.05856,0.00488,-0.13664,0.05368,-0.05368,-0.05368,-0.01952,-0.1952
-0.03416,0.0732,-0.11224,-0.09516,-0.07808,0.02196,-0.05368,0.29768,0.01952,-0.06344,-0.06832,-0.08296
-0.0976,0.0976,-0.0976,-0.0488,0,-0.0488,-0.01952,0.35624,0.0488,-0.06344,-0.10248,-0.13176
-0.10248,0.05368,-0.00488,0.04636,0.0976,-0.10004,0.00976,0.29768,0.15128,0.0244,-0.02928,-0.10736
-0.03904,-0.0122,0.06344,0.08296,0.10248,-0.07076,0.01952,0.122,0.16104,0.05856,0.00976,-0.11224
0.14152,-0.20008,0.25864,0.18788,0.11712,0.0122,0,0.00488,0.18056,0.16592,0.12688,0.01952
0.25376,-0.25376,0.25376,0.12688,0,0.12688,-0.08784,-0.07808,0.11224,0.18544,0.1952,0.11712
0.4148,-0.3294,0.244,0.0366,-0.1708,0.2928,-0.35624,-0.29768,0.00976,0.1952,0.28304,0.16104
0.77592,-0.62708,0.47824,0.09028,-0.29768,0.5368,-0.60024,-0.74664,-0.08784,0.29768,0.47336,0.35136
1.03456,-0.84668,0.6588,0.14152,-0.37576,0.70516,-0.87352,-1.42008,-0.24888,0.4148,0.72224,0.732
0.89792,-0.69296,0.488,0.03904,-0.40992,0.65392,-1.01992,-2.1472,-0.5368,0.23424,0.59048,0.9028
0.52216,-0.36112,0.20008,-0.061,-0.32208,0.42212,-0.90768,-2.21064,-0.6832,-0.00488,0.37576,0.79544
0.2196,-0.18788,0.15616,0.04636,-0.06344,0.14152,-0.67344,-2.01544,-0.77104,-0.16592,0.16592,0.65392
0.01464,-0.0122,0.00976,0.00244,-0.00488,0.00976,-0.63928,-1.50304,-0.66856,-0.22936,-0.01464,0.43432
-0.03416,0.0488,-0.06344,-0.04636,-0.02928,-0.00244,-0.42456,-1.0004,-0.47824,-0.21472,-0.0732,0.1708
-0.13664,0.12932,-0.122,-0.05368,0.01464,-0.07564,-0.23424,-0.5856,-0.30744,-0.19032,-0.12688,-0.0244
-0.18544,0.20496,-0.22448,-0.13176,-0.03904,-0.0732,-0.09272,-0.31232,-0.20008,-0.22448,-0.1952,-0.1464
-0.03416,0.05124,-0.06832,-0.05124,-0.03416,0,-0.01952,-0.08784,-0.05856,-0.11224,-0.10248,-0.122
-0.15128,0.16836,-0.18544,-0.1098,-0.03416,-0.05856,-0.0488,-0.05368,-0.06832,-0.08296,-0.09272,-0.16104
-0.16104,0.16348,-0.16592,-0.0854,-0.00488,-0.07808,-0.00488,-0.0244,-0.0488,-0.05368,-0.06344,-0.08296
-0.05856,0.07076,-0.08296,-0.05368,-0.0244,-0.01708,0.01464,0.05856,-0.00488,-0.0488,-0.05856,-0.17568
-0.01464,0.0366,-0.05856,-0.05124,-0.04392,0.01464,0.0244,0.06832,0.00488,-0.04392,-0.0244,-0.16592
0,0.00732,-0.01464,-0.01464,-0.01464,0.00732,0.03904,0.06832,0.01952,-0.02928,-0.00976,-0.08784
-0.00488,0.00732,-0.00976,-0.00732,-0.00488,0,0.03416,0.04392,0.00976,-0.02928,-0.01952,-0.05856
-0.03904,0.04636,-0.05368,-0.03416,-0.01464,-0.0122,0,0.03904,-0.01464,-0.05856,-0.05856,-0.06344
-0.00488,0.02196,-0.03904,-0.0366,-0.03416,0.01464,0.00976,0.06344,-0.01464,-0.05368,-0.06832,-0.05856
0.00488,0.00244,-0.00976,-0.0122,-0.01464,0.00976,0.06832,0.06344,-0.00488,-0.02928,-0.06344,-0.08784
-0.01952,0.02196,-0.0244,-0.01464,-0.00488,-0.00732,0.06344,0.03904,-0.0244,-0.0244,-0.04392,-0.0976
-0.09272,0.08296,-0.0732,-0.02684,0.01952,-0.05612,0.04392,0.03904,-0.03904,-0.03416,-0.03416,-0.0976
-0.09272,0.09516,-0.0976,-0.05124,-0.00488,-0.04392,0.0244,0.0488,-0.0244,-0.03904,-0.03904,-0.10736
-0.09272,0.08784,-0.08296,-0.0366,0.00976,-0.05124,0.01464,0.03904,-0.01952,-0.03416,-0.03904,-0.11712
-0.07808,0.07076,-0.06344,-0.0244,0.01464,-0.04636,0.01952,0.04392,-0.00976,-0.02928,-0.0244,-0.122
-0.06344,0.05856,-0.05368,-0.02196,0.00976,-0.0366,0.0244,0.06832,0,-0.01952,-0.01464,-0.11224
-0.03904,0.05124,-0.06344,-0.04392,-0.0244,-0.00732,0.00976,0.06832,0.00488,-0.02928,-0.01952,-0.08784
-0.0732,0.07564,-0.07808,-0.04148,-0.00488,-0.03416,-0.01464,0.05856,0,-0.06344,-0.05368,-0.08784
-0.07808,0.07808,-0.07808,-0.03904,0,-0.03904,-0.00488,0.0488,-0.01464,-0.06832,-0.07808,-0.0976
-0.07808,0.08052,-0.08296,-0.04392,-0.00488,-0.0366,0.00976,0.06832,-0.01464,-0.05368,-0.06344,-0.0976
-0.04392,0.05368,-0.06344,-0.04148,-0.01952,-0.0122,0.03416,0.0732,0,-0.03416,-0.05368,-0.10736
-0.05856,0.05856,-0.05856,-0.02928,0,-0.02928,0.03904,0.06344,0.00488,-0.05368,-0.05856,-0.122
-0.09272,0.09028,-0.08784,-0.04148,0.00488,-0.0488,0.03416,0.0488,0,-0.05368,-0.0488,-0.1464
-0.09272,0.09516,-0.0976,-0.05124,-0.00488,-0.04392,0.02928,0.0488,-0.00976,-0.0488,-0.05368,-0.16592
-0.08296,0.08784,-0.09272,-0.05124,-0.00976,-0.0366,0.00488,0.05856,-0.00488,-0.0488,-0.0488,-0.14152
-0.06832,0.07564,-0.08296,-0.0488,-0.01464,-0.02684,-0.0244,0.0732,-0.00488,-0.05856,-0.05856,-0.12688
-0.03416,0.04148,-0.0488,-0.03172,-0.01464,-0.00976,-0.0244,0.10248,0.00488,-0.04392,-0.04392,-0.10736
-0.00488,0.00488,-0.00488,-0.00244,0,-0.00244,-0.01952,0.12688,0.00976,-0.03416,-0.02928,-0.10736
-0.00488,0.00244,0,0.00244,0.00488,-0.00488,-0.01464,0.12688,0.00976,-0.03416,-0.03416,-0.11224
-0.03416,0.02684,-0.01952,-0.00244,0.01464,-0.0244,-0.01464,0.10248,0.00488,-0.04392,-0.0488,-0.11712
-0.03416,0.03172,-0.02928,-0.0122,0.00488,-0.01952,0,0.11224,0.00976,-0.03904,-0.05368,-0.12688
-0.03904,0.02928,-0.01952,0,0.01952,-0.02928,0.00976,0.122,0.00976,-0.03904,-0.0732,-0.13664
-0.05856,0.0488,-0.03904,-0.00976,0.01952,-0.03904,-0.0244,0.13664,0.00976,-0.0488,-0.09272,-0.15128
-0.10736,0.10248,-0.0976,-0.04392,0.00976,-0.05856,-0.03904,0.13664,0.00488,-0.05856,-0.10248,-0.18056
-0.10248,0.10004,-0.0976,-0.04636,0.00488,-0.05368,-0.05368,0.13176,0.01952,-0.05368,-0.08784,-0.17568
-0.0732,0.06588,-0.05856,-0.02196,0.01464,-0.04392,-0.0488,0.15128,0.02928,-0.04392,-0.06344,-0.15616
-0.06344,0.05856,-0.05368,-0.02196,0.00976,-0.0366,-0.0244,0.1952,0.03416,-0.01952,-0.05856,-0.13664
-0.06344,0.05612,-0.0488,-0.01708,0.01464,-0.03904,-0.01952,0.22936,0.0488,-0.01952,-0.05368,-0.15128
-0.05368,0.05124,-0.0488,-0.02196,0.00488,-0.02928,-0.00976,0.244,0.06344,-0.00976,-0.0488,-0.16104
-0.06344,0.061,-0.05856,-0.02684,0.00488,-0.03416,-0.00976,0.23424,0.06344,-0.01464,-0.06832,-0.16592
-0.05856,0.04148,-0.0244,0.00488,0.03416,-0.04636,0.00488,0.26352,0.0732,-0.01952,-0.0488,-0.15128
-0.01952,0.01952,-0.01952,-0.00976,0,-0.00976,0.01464,0.32208,0.10248,-0.00488,-0.0244,-0.15128
0,0,0,0,0,0,0.01952,0.34648,0.11712,-0.00488,-0.00976,-0.15128
-0.0244,0.02684,-0.02928,-0.01708,-0.00488,-0.00976,0.00488,0.36112,0.11712,0.00488,-0.01952,-0.14152
-0.04392,0.04636,-0.0488,-0.02684,-0.00488,-0.01952,0,0.3904,0.12688,0.01952,-0.03416,-0.13176
-0.03904,0.04148,-0.04392,-0.0244,-0.00488,-0.01708,-0.02928,0.40992,0.13664,0.02928,-0.01464,-0.12688
0.00976,-0.0122,0.01464,0.00976,0.00488,0.00244,-0.02928,0.4392,0.16104,0.0488,0.01952,-0.11712
0.05856,-0.061,0.06344,0.03416,0.00488,0.02684,-0.01952,0.4636,0.1952,0.07808,0.04392,-0.09272
0.08784,-0.08296,0.07808,0.03416,-0.00976,0.0488,-0.02928,0.4636,0.20496,0.08296,0.04392,-0.0976
0.03904,-0.0366,0.03416,0.01464,-0.00488,0.02196,-0.05368,0.4636,0.18544,0.07808,0.03416,-0.11224
0.02928,-0.02928,0.02928,0.01464,0,0.01464,-0.07808,0.45872,0.1952,0.09272,0.0488,-0.09272
0.0244,-0.0366,0.0488,0.0366,0.0244,0,-0.08784,0.41968,0.18544,0.09272,0.05856,-0.08296
0.06832,-0.06832,0.06832,0.03416,0,0.03416,-0.0732,0.3904,0.18544,0.10248,0.06832,-0.07808
0.07808,-0.09272,0.10736,0.06832,0.02928,0.0244,-0.05856,0.36112,0.18544,0.11712,0.07808,-0.06344
0.0732,-0.0976,0.122,0.0854,0.0488,0.0122,-0.06832,0.32696,0.18056,0.11712,0.06832,-0.04392
0.0732,-0.09516,0.11712,0.08052,0.04392,0.01464,-0.06832,0.28792,0.17568,0.11712,0.06832,-0.05856
0.05368,-0.0732,0.09272,0.06588,0.03904,0.00732,-0.09272,0.23912,0.1464,0.08784,0.0488,-0.07808
0.01464,-0.03416,0.05368,0.04636,0.03904,-0.0122,-0.10736,0.1952,0.12688,0.08296,0.03416,-0.0732
-0.01464,0,0.01464,0.02196,0.02928,-0.02196,-0.10736,0.15128,0.11224,0.05856,0.00976,-0.0732
0,-0.00732,0.01464,0.01464,0.01464,-0.00732,-0.0976,0.08296,0.09272,0.0244,0,-0.07808
0,-0.0122,0.0244,0.0244,0.0244,-0.0122,-0.08296,0.05856,0.07808,0.01952,-0.00976,-0.07808
-0.00976,-0.00488,0.01952,0.0244,0.02928,-0.01952,-0.06344,0.06832,0.07808,0.01952,0,-0.09272
-0.00976,-0.01464,0.03904,0.04392,0.0488,-0.02928,-0.06344,0.0488,0.07808,0.0244,0,-0.08296
-0.01952,-0.00488,0.02928,0.03904,0.0488,-0.03416,-0.03904,0.03416,0.06344,0.01952,0.00488,-0.0732
-0.05368,0.02928,-0.00488,0.02196,0.0488,-0.05124,-0.01464,0.01464,0.0732,0.00976,-0.01464,-0.08784
-0.0732,0.04636,-0.01952,0.01708,0.05368,-0.06344,0.00488,0.00976,0.06832,0,-0.03416,-0.08784
-0.06344,0.04392,-0.0244,0.00732,0.03904,-0.05124,0.01464,0.00976,0.06344,0,-0.04392,-0.08784
-0.05368,0.03904,-0.0244,0.00244,0.02928,-0.04148,0.01464,0.00976,0.06344,0,-0.03416,-0.08296
-0.06832,0.04636,-0.0244,0.00976,0.04392,-0.05612,-0.00488,-0.00976,0.05368,-0.0244,-0.03904,-0.09272
-0.07808,0.05612,-0.03416,0.00488,0.04392,-0.061,-0.0244,-0.03904,0.03904,-0.00488,-0.03904,-0.09272
-0.06832,0.05368,-0.03904,-0.00488,0.02928,-0.0488,-0.0244,-0.01952,0.03416,-0.00976,-0.0488,-0.09272
-0.06832,0.05856,-0.0488,-0.01464,0.01952,-0.04392,-0.01464,0.00976,0.03416,-0.03904,-0.06344,-0.10248
-0.06344,0.0488,-0.03416,-0.00244,0.02928,-0.04636,0,0,0.04392,-0.04392,-0.05856,-0.09272
-0.04392,0.03416,-0.0244,-0.00244,0.01952,-0.03172,0.01952,-0.02928,0.03904,-0.03416,-0.06832,-0.0976
-0.02928,0.02928,-0.02928,-0.01464,0,-0.01464,0.0488,-0.03416,0.03416,-0.02928,-0.05856,-0.07808
-0.05368,0.04636,-0.03904,-0.0122,0.01464,-0.03416,0.04392,-0.03904,0.03416,-0.03416,-0.05856,-0.08296
-0.06344,0.04636,-0.02928,0.00244,0.03416,-0.0488,0.05368,-0.06344,0.0244,-0.0488,-0.06344,-0.08784
-0.05856,0.04392,-0.02928,0,0.02928,-0.04392,0.06344,-0.03416,0.0244,-0.03416,-0.06832,-0.08296
-0.05856,0.04392,-0.02928,0,0.02928,-0.04392,0.06832,-0.01952,0.02928,-0.00976,-0.07808,-0.09272
-0.06344,0.0488,-0.03416,-0.00244,0.02928,-0.04636,0.08296,-0.01464,0.03416,-0.0244,-0.06832,-0.10736
-0.06344,0.061,-0.05856,-0.02684,0.00488,-0.03416,0.0732,-0.02928,0.02928,-0.03904,-0.07808,-0.09272
-0.10248,0.08296,-0.06344,-0.0122,0.03904,-0.07076,0.05368,-0.02928,0.03904,-0.03416,-0.0732,-0.08784
-0.122,0.10004,-0.07808,-0.01708,0.04392,-0.08296,0.04392,-0.0244,0.03904,-0.03904,-0.06344,-0.09272
-0.12688,0.1098,-0.09272,-0.02928,0.03416,-0.08052,0.06344,-0.0244,0.04392,-0.03904,-0.0732,-0.07808
-0.122,0.1098,-0.0976,-0.0366,0.0244,-0.0732,0.09272,-0.00976,0.0488,-0.01464,-0.07808,-0.08784
-0.13176,0.10248,-0.0732,-0.00732,0.05856,-0.09516,0.10248,0.00976,0.05856,-0.0244,-0.07808,-0.09272
-0.10248,0.08296,-0.06344,-0.0122,0.03904,-0.07076,0.12688,0.00976,0.06344,-0.00976,-0.08296,-0.09272
-0.0976,0.07808,-0.05856,-0.00976,0.03904,-0.06832,0.15616,0.01464,0.06344,-0.00976,-0.08296,-0.10248
-0.07808,0.05124,-0.0244,0.01464,0.05368,-0.06588,0.1952,0.0244,0.08296,0.00488,-0.05368,-0.08296
-0.07808,0.0488,-0.01952,0.01952,0.05856,-0.06832,0.24888,0.02928,0.08784,0.02928,-0.05368,-0.06832
-0.03416,0.01464,0.00488,0.02196,0.03904,-0.0366,0.29768,0.02928,0.08296,0.02928,-0.03904,-0.0488
-0.00976,-0.01464,0.03904,0.04392,0.0488,-0.02928,0.3172,0.00976,0.10736,0.01464,-0.03416,-0.04392
-0.0244,-0.00488,0.03416,0.04636,0.05856,-0.04148,0.33672,0.03416,0.10248,0.01952,-0.0488,-0.05856
-0.03416,0.00732,0.01952,0.0366,0.05368,-0.04392,0.32696,0.01952,0.11224,0.02928,-0.0488,-0.05368
-0.03904,0.00488,0.02928,0.0488,0.06832,-0.05368,0.32696,0.04392,0.122,0.05368,-0.05368,-0.03416
-0.01952,-0.00244,0.0244,0.03416,0.04392,-0.03172,0.33184,0.05856,0.12688,0.05368,-0.03416,-0.0244
-0.0732,0.01464,0.04392,0.08052,0.11712,-0.09516,0.33672,0.05368,0.13664,0.0488,-0.01464,-0.01952
-0.02928,-0.0122,0.05368,0.06832,0.08296,-0.05612,0.33672,0.03416,0.13664,0.05368,-0.01464,-0.01952
-0.02928,-0.02928,0.08784,0.10248,0.11712,-0.0732,0.34648,0.06344,0.1464,0.06832,-0.01464,-0.01464
-0.0244,-0.03172,0.08784,0.10004,0.11224,-0.06832,0.3416,0.07808,0.1464,0.0732,-0.01464,-0.00976
-0.02928,-0.03416,0.0976,0.11224,0.12688,-0.07808,0.35624,0.0732,0.14152,0.06832,-0.00976,0
-0.03416,-0.02684,0.08784,0.10492,0.122,-0.07808,0.366,0.04392,0.13176,0.06832,-0.0244,-0.00488
-0.04392,-0.0122,0.06832,0.09028,0.11224,-0.07808,0.37088,0.06344,0.13176,0.05368,-0.02928,-0.00976
-0.04392,-0.01464,0.0732,0.09516,0.11712,-0.08052,0.38552,0.05368,0.12688,0.05368,-0.02928,-0.00488
-0.05368,-0.00244,0.05856,0.0854,0.11224,-0.08296,0.3904,0.05368,0.12688,0.07808,-0.0244,-0.00976
-0.0488,-0.00488,0.05856,0.08296,0.10736,-0.07808,0.42944,0.0488,0.11712,0.07808,-0.02928,-0.01952
0.0488,-0.0976,0.1464,0.122,0.0976,-0.0244,0.47824,0.05856,0.13664,0.07808,-0.00976,0
0.00976,-0.05856,0.10736,0.10248,0.0976,-0.04392,0.45872,0.02928,0.11712,0.05856,-0.02928,-0.01952
-0.01952,-0.02928,0.07808,0.08784,0.0976,-0.05856,0.4392,0.00976,0.10736,0.0488,-0.0488,-0.02928
0.00976,-0.03904,0.06832,0.06344,0.05856,-0.0244,0.45384,0.01952,0.11224,0.0488,-0.06344,-0.0244
-0.00976,-0.0244,0.05856,0.06344,0.06832,-0.03904,0.46848,0.01464,0.10248,0.03904,-0.06832,-0.01464
-0.0244,-0.01708,0.05856,0.07076,0.08296,-0.05368,0.47336,-0.01464,0.10736,0.05856,-0.05856,-0.00976
-0.0244,-0.01952,0.06344,0.07564,0.08784,-0.05612,0.47336,-0.02928,0.10736,0.06832,-0.0488,-0.00976
0.01464,-0.04392,0.0732,0.06588,0.05856,-0.02196,0.488,-0.00488,0.11712,0.06832,-0.03904,0
0,-0.0366,0.0732,0.0732,0.0732,-0.0366,0.49776,0.01952,0.10736,0.06344,-0.0488,-0.00488
-0.05368,0.02928,-0.00488,0.02196,0.0488,-0.05124,0.50752,-0.00976,0.08296,0.01464,-0.08784,-0.03416
-0.08784,0.07076,-0.05368,-0.00976,0.03416,-0.061,0.5124,-0.04392,0.05856,-0.00976,-0.11224,-0.0488
-0.06344,0.05612,-0.0488,-0.01708,0.01464,-0.03904,0.53192,-0.02928,0.06832,0,-0.0976,-0.04392
-0.08784,0.06344,-0.03904,0.00488,0.0488,-0.06832,0.55632,-0.02928,0.0732,0.00976,-0.0976,-0.03416
-0.04392,0.03416,-0.0244,-0.00244,0.01952,-0.03172,0.58072,-0.03416,0.08296,0.0244,-0.08784,-0.02928
-0.03416,0.02684,-0.01952,-0.00244,0.01464,-0.0244,0.59048,-0.04392,0.08296,0.0244,-0.08296,-0.02928
-0.05368,0.05124,-0.0488,-0.02196,0.00488,-0.02928,0.5856,-0.03904,0.06832,0.00488,-0.0976,-0.06344
-0.06344,0.05856,-0.05368,-0.02196,0.00976,-0.0366,0.59048,-0.0244,0.05856,0.00488,-0.10736,-0.05368
-0.06832,0.05612,-0.04392,-0.00976,0.0244,-0.04636,0.61976,-0.04392,0.06344,0,-0.10736,-0.07808
-0.08784,0.0732,-0.05856,-0.01464,0.02928,-0.05856,0.63928,-0.06344,0.06832,-0.00488,-0.11712,-0.08784
-0.08296,0.06832,-0.05368,-0.0122,0.02928,-0.05612,0.63928,-0.05856,0.05856,-0.00976,-0.122,-0.08296
-0.08784,0.07808,-0.06832,-0.0244,0.01952,-0.05368,0.63928,-0.05856,0.05368,-0.00976,-0.122,-0.0732
-0.10736,0.0854,-0.06344,-0.00976,0.04392,-0.07564,0.6344,-0.04392,0.0488,-0.00488,-0.122,-0.08784
-0.10736,0.08052,-0.05368,0,0.05368,-0.08052,0.63928,-0.03416,0.0488,-0.00488,-0.13176,-0.09272
-0.10248,0.0854,-0.06832,-0.01708,0.03416,-0.06832,0.63928,-0.0488,0.03416,-0.02928,-0.14152,-0.10736
-0.11712,0.10492,-0.09272,-0.03416,0.0244,-0.07076,0.6344,-0.06344,0.03416,-0.03904,-0.15616,-0.11712
-0.13176,0.11956,-0.10736,-0.04148,0.0244,-0.07808,0.61,-0.07808,0.0244,-0.0488,-0.16592,-0.11224
-0.14152,0.1342,-0.12688,-0.05612,0.01464,-0.07808,0.59536,-0.08296,0.01952,-0.0488,-0.16592,-0.11224
-0.13664,0.122,-0.10736,-0.03904,0.02928,-0.08296,0.61,-0.0732,0.01952,-0.0244,-0.15128,-0.10248
-0.13176,0.11224,-0.09272,-0.02684,0.03904,-0.0854,0.62952,-0.06344,0.01952,-0.0244,-0.15616,-0.10736
-0.13176,0.1098,-0.08784,-0.02196,0.04392,-0.08784,0.62952,-0.06832,0.0244,-0.02928,-0.15128,-0.10736
-0.13176,0.1098,-0.08784,-0.02196,0.04392,-0.08784,0.62952,-0.06344,0.02928,-0.0244,-0.15128,-0.10736
-0.122,0.10248,-0.08296,-0.02196,0.03904,-0.08052,0.60024,-0.0732,0.01952,-0.0244,-0.15616,-0.11712
-0.122,0.10736,-0.09272,-0.03172,0.02928,-0.07564,0.59048,-0.07808,0.00488,-0.0244,-0.16104,-0.10736
-0.11224,0.1098,-0.10736,-0.05124,0.00488,-0.05856,0.5856,-0.06832,0,-0.04392,-0.16104,-0.0976
-0.10736,0.11224,-0.11712,-0.06344,-0.00976,-0.0488,0.5856,-0.06832,0,-0.05368,-0.16592,-0.0976
-0.08784,0.09272,-0.0976,-0.05368,-0.00976,-0.03904,0.57096,-0.05856,0,-0.04392,-0.16592,-0.08784
-0.08296,0.08296,-0.08296,-0.04148,0,-0.04148,0.57096,-0.0488,0,-0.04392,-0.16592,-0.08296
-0.08784,0.08052,-0.0732,-0.02928,0.01464,-0.05124,0.54656,-0.0732,-0.00976,-0.03416,-0.15128,-0.08784
-0.10248,0.08784,-0.0732,-0.02196,0.02928,-0.06588,0.53192,-0.08784,-0.00976,-0.0244,-0.1464,-0.09272
-0.14152,0.12932,-0.11712,-0.04636,0.0244,-0.08296,0.50264,-0.09272,-0.02928,-0.03416,-0.16104,-0.11224
-0.16592,0.14884,-0.13176,-0.0488,0.03416,-0.10004,0.488,-0.0976,-0.03904,-0.04392,-0.1708,-0.13664
-0.08784,0.08052,-0.0732,-0.02928,0.01464,-0.05124,0.46848,-0.07808,-0.01952,-0.03416,-0.16592,-0.10248
-0.07808,0.0854,-0.09272,-0.05368,-0.01464,-0.03172,0.488,-0.05368,-0.01464,-0.04392,-0.16592,-0.09272
-0.08296,0.08784,-0.09272,-0.05124,-0.00976,-0.0366,0.5124,0.05856,-0.00488,-0.04392,-0.16592,-0.0976
-0.08296,0.08784,-0.09272,-0.05124,-0.00976,-0.0366,0.55144,0.27816,0.0488,-0.04392,-0.18544,-0.12688
-0.12688,0.10492,-0.08296,-0.01952,0.04392,-0.0854,0.57584,0.30744,0.0976,-0.0488,-0.20008,-0.15616
-0.08784,0.00732,0.0732,0.11712,0.16104,-0.12444,0.6344,0.27328,0.20984,0.06832,-0.11224,-0.11712
-0.00976,-0.06832,0.1464,0.15128,0.15616,-0.08296,0.59536,0.12688,0.20008,0.11224,-0.0732,-0.08296
-0.03904,-0.02196,0.08296,0.10248,0.122,-0.08052,0.47824,-0.01952,0.1708,0.12688,-0.03904,-0.04392
0.1708,-0.14152,0.11224,0.02684,-0.05856,0.11468,0.35624,-0.0976,0.08296,0.10248,-0.00488,0.00976
0.4636,-0.35624,0.24888,0.01708,-0.21472,0.33916,0.11224,-0.35624,-0.00488,0.18056,0.13664,0.15616
0.63928,-0.488,0.33672,0.01708,-0.30256,0.47092,-0.17568,-0.87352,-0.13664,0.2928,0.33672,0.40016
0.75152,-0.5856,0.41968,0.04392,-0.33184,0.54168,-0.55632,-1.73728,-0.35136,0.32208,0.4636,0.69296
0.78568,-0.58316,0.38064,-0.0122,-0.40504,0.59536,-0.66856,-2.27896,-0.57096,0.122,0.35136,0.78568
0.47336,-0.33184,0.19032,-0.04636,-0.28304,0.3782,-0.46848,-2.25456,-0.71248,-0.05368,0.16104,0.71248
0.11712,-0.09028,0.06344,0.00488,-0.05368,0.0854,-0.20984,-2.05448,-0.8296,-0.18544,-0.03416,0.57584
-0.05368,0.05124,-0.0488,-0.02196,0.00488,-0.02928,-0.11224,-1.52256,-0.69296,-0.2684,-0.20496,0.29768
-0.19032,0.19764,-0.20496,-0.1098,-0.01464,-0.08784,0,-0.99552,-0.49776,-0.28304,-0.30256,0.00976
-0.20496,0.22204,-0.23912,-0.13664,-0.03416,-0.0854,0.07808,-0.61488,-0.34648,-0.25376,-0.31232,-0.12688
-0.25376,0.26352,-0.27328,-0.1464,-0.01952,-0.11712,0.18544,-0.34648,-0.24888,-0.21472,-0.31232,-0.18056
-0.28792,0.2684,-0.24888,-0.10492,0.03904,-0.16348,0.2684,-0.21472,-0.18056,-0.17568,-0.30744,-0.22936
-0.17568,0.15616,-0.13664,-0.0488,0.03904,-0.10736,0.30744,-0.13664,-0.08784,-0.10248,-0.23912,-0.1952
-0.18056,0.183,-0.18544,-0.09516,-0.00488,-0.08784,0.32208,-0.06344,-0.05856,-0.07808,-0.20984,-0.18544
-0.244,0.23912,-0.23424,-0.11224,0.00976,-0.12688,0.2684,-0.04392,-0.06344,-0.0976,-0.21472,-0.18544
-0.20984,0.20984,-0.20984,-0.10492,0,-0.10492,0.27328,-0.02928,-0.02928,-0.08784,-0.20008,-0.18056
-0.1952,0.17324,-0.15128,-0.05368,0.04392,-0.11956,0.28304,-0.0244,-0.02928,-0.07808,-0.20008,-0.1708
-0.1708,0.16104,-0.15128,-0.06588,0.01952,-0.09516,0.27816,-0.01952,-0.02928,-0.07808,-0.20008,-0.1708
-0.12688,0.14152,-0.15616,-0.09272,-0.02928,-0.0488,0.26352,0,-0.04392,-0.09272,-0.20008,-0.16104
-0.13176,0.1464,-0.16104,-0.09516,-0.02928,-0.05124,0.26352,0.00976,-0.03904,-0.10248,-0.21472,-0.16592
-0.13176,0.1464,-0.16104,-0.09516,-0.02928,-0.05124,0.25376,-0.00976,-0.03416,-0.10736,-0.20984,-0.1708
-0.13176,0.14884,-0.16592,-0.10004,-0.03416,-0.0488,0.25376,0,-0.02928,-0.07808,-0.1952,-0.15616
-0.12688,0.13664,-0.1464,-0.08296,-0.01952,-0.05368,0.24888,0.02928,-0.02928,-0.05856,-0.18544,-0.15128
-0.11712,0.122,-0.12688,-0.06832,-0.00976,-0.05368,0.25376,0.01464,-0.01464,-0.05856,-0.17568,-0.15128
-0.09272,0.09028,-0.08784,-0.04148,0.00488,-0.0488,0.2684,0,-0.00976,-0.05368,-0.16592,-0.15616
-0.0976,0.10736,-0.11712,-0.06832,-0.01952,-0.03904,0.24888,0.00488,-0.0244,-0.06344,-0.17568,-0.16592
-0.09272,0.11468,-0.13664,-0.09028,-0.04392,-0.0244,0.22448,0.00976,-0.02928,-0.0732,-0.18544,-0.16592
-0.0976,0.12688,-0.15616,-0.10736,-0.05856,-0.01952,0.20984,0.03904,-0.0244,-0.08784,-0.19032,-0.17568
-0.10736,0.13908,-0.1708,-0.11712,-0.06344,-0.02196,0.20008,0.03416,-0.03416,-0.09272,-0.20496,-0.17568
-0.13176,0.1464,-0.16104,-0.09516,-0.02928,-0.05124,0.21472,0.00488,-0.01464,-0.06832,-0.17568,-0.16592
-0.11712,0.12444,-0.13176,-0.0732,-0.01464,-0.05124,0.22936,0,-0.00488,-0.03416,-0.15128,-0.16592
-0.07808,0.09272,-0.10736,-0.06832,-0.02928,-0.0244,0.19032,0.00976,0.00488,-0.03416,-0.1464,-0.1708
-0.08784,0.09272,-0.0976,-0.05368,-0.00976,-0.03904,0.15616,0.00488,0.00488,-0.03416,-0.1464,-0.18056
-0.08784,0.10736,-0.12688,-0.08296,-0.03904,-0.0244,0.1708,0.0244,-0.00488,-0.0488,-0.1708,-0.1952
-0.06832,0.09516,-0.122,-0.08784,-0.05368,-0.00732,0.16104,0.05856,-0.01464,-0.05856,-0.17568,-0.18056
-0.06832,0.08784,-0.10736,-0.0732,-0.03904,-0.01464,0.1464,0.05368,-0.00488,-0.04392,-0.16592,-0.18544
-0.06832,0.0854,-0.10248,-0.06832,-0.03416,-0.01708,0.13176,0.05368,-0.00488,-0.03904,-0.15616,-0.18544
-0.07808,0.08784,-0.0976,-0.05856,-0.01952,-0.02928,0.12688,0.08784,0.00976,-0.03904,-0.15616,-0.18544
-0.0732,0.08296,-0.09272,-0.05612,-0.01952,-0.02684,0.12688,0.10736,0.01952,-0.03904,-0.15128,-0.18056
-0.03904,0.061,-0.08296,-0.06344,-0.04392,0.00244,0.122,0.10248,0.01464,-0.03904,-0.1708,-0.18056
-0.01952,0.05124,-0.08296,-0.0732,-0.06344,0.02196,0.122,0.11224,0.02928,-0.03904,-0.1708,-0.19032
-0.0244,0.0488,-0.0732,-0.061,-0.0488,0.0122,0.122,0.0976,0.02928,-0.03904,-0.16104,-0.18544
-0.03904,0.05612,-0.0732,-0.05368,-0.03416,-0.00244,0.11224,0.0976,0.02928,-0.03904,-0.16104,-0.20008
-0.0488,0.07076,-0.09272,-0.06832,-0.04392,-0.00244,0.09272,0.10736,0.02928,-0.04392,-0.15616,-0.1952
-0.03904,0.07076,-0.10248,-0.08296,-0.06344,0.0122,0.0976,0.11224,0.0244,-0.0488,-0.16104,-0.21472
-0.02928,0.061,-0.09272,-0.07808,-0.06344,0.01708,0.10736,0.11712,0.04392,-0.03904,-0.15616,-0.20496
-0.01952,0.04636,-0.0732,-0.06344,-0.05368,0.01708,0.13176,0.16104,0.05856,-0.01952,-0.16104,-0.1952
-0.0244,0.05368,-0.08296,-0.07076,-0.05856,0.01708,0.10248,0.16104,0.04392,-0.02928,-0.16592,-0.1952
-0.0244,0.05124,-0.07808,-0.06588,-0.05368,0.01464,0.08784,0.1708,0.05368,-0.03904,-0.15128,-0.2196
-0.01464,0.04636,-0.07808,-0.07076,-0.06344,0.0244,0.06832,0.20008,0.05368,-0.02928,-0.15616,-0.20984
-0.02928,0.05368,-0.07808,-0.06344,-0.0488,0.00976,0.05856,0.22936,0.05368,-0.03416,-0.16592,-0.20496
-0.00488,0.05368,-0.10248,-0.10004,-0.0976,0.04636,0.0488,0.22936,0.0488,-0.03416,-0.16104,-0.20984
-0.01952,0.05612,-0.09272,-0.08296,-0.0732,0.02684,0.05368,0.25376,0.06344,-0.02928,-0.16104,-0.2196
0.00488,0.03172,-0.06832,-0.07076,-0.0732,0.03904,0.03416,0.27816,0.0732,-0.01952,-0.13664,-0.22448
-0.00488,0.04392,-0.08296,-0.08052,-0.07808,0.0366,0.00488,0.32208,0.06832,-0.01464,-0.1464,-0.2196
0.01464,0.03172,-0.07808,-0.0854,-0.09272,0.05368,0,0.37576,0.0732,-0.01464,-0.15128,-0.22936
0.05856,0,-0.05856,-0.08784,-0.11712,0.08784,-0.00488,0.40016,0.08784,-0.00488,-0.14152,-0.22936
0.0488,0.00488,-0.05856,-0.08296,-0.10736,0.07808,-0.01464,0.3904,0.09272,0.01464,-0.11712,-0.20496
0.06344,-0.00488,-0.05368,-0.0854,-0.11712,0.09028,-0.02928,0.39528,0.09272,0.0244,-0.10248,-0.20984
0.08296,-0.01464,-0.05368,-0.09516,-0.13664,0.1098,-0.0488,0.40504,0.08296,0.03416,-0.10736,-0.20496
0.09272,-0.0244,-0.04392,-0.09028,-0.13664,0.11468,-0.0732,0.40504,0.0732,0.03416,-0.10248,-0.20008
0.08296,-0.0244,-0.03416,-0.07564,-0.11712,0.10004,-0.09272,0.38552,0.08784,0.03416,-0.08296,-0.1708
0.09272,-0.02928,-0.03416,-0.08052,-0.12688,0.1098,-0.0976,0.34648,0.07808,0.03416,-0.0732,-0.1708
0.10248,-0.02928,-0.04392,-0.09516,-0.1464,0.12444,-0.11224,0.32696,0.05856,0.03416,-0.0732,-0.15128
0.09272,-0.03172,-0.02928,-0.07564,-0.122,0.10736,-0.13664,0.30744,0.04392,0.02928,-0.07808,-0.13176
0.10248,-0.04148,-0.01952,-0.07076,-0.122,0.11224,-0.12688,0.27328,0.05368,0.02928,-0.07808,-0.11712
0.11224,-0.05124,-0.00976,-0.06588,-0.122,0.11712,-0.13176,0.22936,0.04392,0.01464,-0.07808,-0.122
0.13176,-0.06832,0.00488,-0.061,-0.12688,0.12932,-0.14152,0.1952,0.03904,0.01464,-0.08296,-0.08784
0.14152,-0.07076,0,-0.07076,-0.14152,0.14152,-0.15128,0.16592,0.02928,0.01464,-0.08784,-0.0488
0.10248,-0.0488,-0.00488,-0.05612,-0.10736,0.10492,-0.1708,0.122,0.01464,0.00976,-0.09272,-0.0488
0.13664,-0.07076,0.00488,-0.06344,-0.13176,0.1342,-0.1952,0.08784,0.00488,0.00488,-0.10248,-0.02928
0.11712,-0.06344,0.00976,-0.0488,-0.10736,0.11224,-0.19032,0.06832,0,0.00976,-0.09272,-0.0244
0.10736,-0.06832,0.02928,-0.0244,-0.07808,0.09272,-0.1952,0.05368,0,0.00976,-0.0976,0
0.10248,-0.05856,0.01464,-0.0366,-0.08784,0.09516,-0.1952,0.04392,-0.00976,-0.00976,-0.10248,0.01952
0.10248,-0.05124,0,-0.05124,-0.10248,0.10248,-0.16592,0.00976,-0.0244,-0.01464,-0.122,0.0244
0.09272,-0.0488,0.00488,-0.04148,-0.08784,0.09028,-0.16104,-0.00488,-0.01952,-0.03416,-0.12688,0.05368
0.0976,-0.05368,0.00976,-0.03904,-0.08784,0.09272,-0.17568,-0.01464,-0.01464,-0.04392,-0.14152,0.06832
0.0976,-0.04636,-0.00488,-0.05368,-0.10248,0.10004,-0.19032,-0.01464,-0.01464,-0.0488,-0.1464,0.10248
0.09272,-0.03904,-0.01464,-0.061,-0.10736,0.10004,-0.21472,-0.01464,-0.00976,-0.05368,-0.1464,0.12688
0.06832,-0.02684,-0.01464,-0.0488,-0.08296,0.07564,-0.20984,-0.0244,-0.00488,-0.05856,-0.1464,0.15616
0.06832,-0.03172,-0.00488,-0.03904,-0.0732,0.07076,-0.20496,-0.03416,-0.00488,-0.0488,-0.1464,0.17568
0.07808,-0.03172,-0.01464,-0.05368,-0.09272,0.0854,-0.21472,-0.03904,-0.00488,-0.04392,-0.14152,0.19032
0.07808,-0.03172,-0.01464,-0.05368,-0.09272,0.0854,-0.21472,-0.05856,-0.00488,-0.06344,-0.1464,0.2196
0.07808,-0.02928,-0.01952,-0.05856,-0.0976,0.08784,-0.22936,-0.03904,-0.01464,-0.05856,-0.15128,0.244
0.07808,-0.02684,-0.0244,-0.06344,-0.10248,0.09028,-0.22448,-0.03416,-0.01952,-0.05368,-0.15616,0.2684
0.0488,-0.00244,-0.04392,-0.06832,-0.09272,0.07076,-0.22448,-0.0488,-0.0244,-0.05368,-0.16592,0.2684
0.03416,0.00732,-0.0488,-0.06588,-0.08296,0.05856,-0.23912,-0.06344,-0.0244,-0.07808,-0.18056,0.25376
0.0488,0,-0.0488,-0.0732,-0.0976,0.0732,-0.24888,-0.05856,-0.0244,-0.08296,-0.17568,0.25864
0.06344,-0.00732,-0.0488,-0.08052,-0.11224,0.08784,-0.24888,-0.03904,-0.0244,-0.06832,-0.18056,0.25864
0.04392,0.00976,-0.06344,-0.0854,-0.10736,0.07564,-0.25376,-0.04392,-0.01464,-0.07808,-0.1952,0.25376
0.04392,0.01464,-0.0732,-0.09516,-0.11712,0.08052,-0.2684,-0.04392,-0.02928,-0.10736,-0.1952,0.244
0.00976,0.0366,-0.08296,-0.08784,-0.09272,0.05124,-0.23912,-0.05856,-0.00488,-0.09272,-0.1952,0.25376
-0.01464,0.04636,-0.07808,-0.07076,-0.06344,0.0244,-0.22936,-0.06832,0.01464,-0.07808,-0.18056,0.23424
-0.0244,0.05856,-0.09272,-0.08052,-0.06832,0.02196,-0.23912,-0.05856,0,-0.08784,-0.18544,0.20984
-0.00976,0.05856,-0.10736,-0.10248,-0.0976,0.04392,-0.244,-0.0488,0,-0.08784,-0.20008,0.18056
-0.02928,0.06588,-0.10248,-0.08784,-0.0732,0.02196,-0.23424,-0.0244,0.00488,-0.08296,-0.20008,0.1708
-0.03416,0.06832,-0.10248,-0.0854,-0.06832,0.01708,-0.22936,-0.00976,0.00488,-0.0976,-0.21472,0.1708
-0.0244,0.06832,-0.11224,-0.10004,-0.08784,0.03172,-0.2196,-0.02928,0.0244,-0.08784,-0.20984,0.14152
-0.01952,0.061,-0.10248,-0.09272,-0.08296,0.03172,-0.22448,-0.03416,0.04392,-0.08784,-0.19032,0.122
-0.05368,0.07076,-0.08784,-0.061,-0.03416,-0.00976,-0.2196,-0.03416,0.0488,-0.07808,-0.19032,0.11224
-0.06344,0.08296,-0.10248,-0.07076,-0.03904,-0.0122,-0.2196,-0.01952,0.03904,-0.06832,-0.18544,0.0976
-0.0244,0.05856,-0.09272,-0.08052,-0.06832,0.02196,-0.20984,-0.00488,0.05368,-0.0732,-0.17568,0.08296
-0.02928,0.061,-0.09272,-0.07808,-0.06344,0.01708,-0.20984,0.01952,0.06344,-0.07808,-0.18544,0.06344
-0.0244,0.05368,-0.08296,-0.07076,-0.05856,0.01708,-0.20496,0.01464,0.05856,-0.0732,-0.1952,0.03904
-0.03416,0.06588,-0.0976,-0.08052,-0.06344,0.01464,-0.20984,0,0.06344,-0.06832,-0.1952,0.03416
-0.00488,0.04392,-0.08296,-0.08052,-0.07808,0.0366,-0.2196,0.01464,0.0732,-0.0732,-0.1952,0.00488
-0.03904,0.06344,-0.08784,-0.06832,-0.0488,0.00488,-0.2196,0.01952,0.08784,-0.07808,-0.16592,-0.04392
-0.03416,0.05612,-0.07808,-0.061,-0.04392,0.00488,-0.2196,0.01952,0.08296,-0.06832,-0.16592,-0.05856
-0.02928,0.04636,-0.06344,-0.0488,-0.03416,0.00244,-0.20984,0.03904,0.0976,-0.04392,-0.16104,-0.08784
-0.01464,0.03172,-0.0488,-0.04148,-0.03416,0.00976,-0.21472,-0.00488,0.0976,-0.0488,-0.16104,-0.11224
-0.00976,0.0244,-0.03904,-0.03416,-0.02928,0.00976,-0.21472,-0.00488,0.0976,-0.03904,-0.16104,-0.122
-0.00976,0.01952,-0.02928,-0.0244,-0.01952,0.00488,-0.1952,-0.01464,0.10248,-0.04392,-0.15128,-0.12688
0.00976,0.00488,-0.01952,-0.0244,-0.02928,0.01952,-0.1952,0,0.09272,-0.03416,-0.15616,-0.1464
-0.00488,0.00976,-0.01464,-0.0122,-0.00976,0.00244,-0.20008,0.02928,0.11224,-0.0244,-0.1464,-0.15616
-0.00488,-0.00244,0.00976,0.0122,0.01464,-0.00976,-0.1952,0.03904,0.11712,-0.0244,-0.14152,-0.16592
0,0,0,0,0,0,-0.20496,0.00976,0.10248,-0.02928,-0.14152,-0.17568
0.00488,0.00244,-0.00976,-0.0122,-0.01464,0.00976,-0.22448,-0.00488,0.0976,-0.01952,-0.13176,-0.18544
0,0.01952,-0.03904,-0.03904,-0.03904,0.01952,-0.26352,-0.02928,0.08784,-0.02928,-0.13664,-0.20496
0.01952,0.00488,-0.02928,-0.03904,-0.0488,0.03416,-0.28304,-0.00976,0.07808,-0.03904,-0.1464,-0.20496
0.02928,-0.00488,-0.01952,-0.03416,-0.0488,0.03904,-0.30256,0,0.07808,-0.03904,-0.15616,-0.20496
0.05856,-0.01464,-0.02928,-0.05856,-0.08784,0.0732,-0.32696,0.00976,0.0732,-0.0488,-0.16104,-0.2196
0.03904,0,-0.03904,-0.05856,-0.07808,0.05856,-0.3416,0.00488,0.06344,-0.06832,-0.16592,-0.2196
0.04392,-0.00732,-0.02928,-0.05124,-0.0732,0.05856,-0.35624,-0.03416,0.06832,-0.05856,-0.15616,-0.20496
0.05368,-0.01952,-0.01464,-0.04148,-0.06832,0.061,-0.35624,-0.06832,0.07808,-0.0488,-0.15616,-0.20496
0.0732,-0.0244,-0.0244,-0.061,-0.0976,0.0854,-0.37088,-0.0732,0.06832,-0.05856,-0.15616,-0.20496
0.0488,-0.00244,-0.04392,-0.06832,-0.09272,0.07076,-0.38064,-0.06832,0.05856,-0.06344,-0.16592,-0.2196
0.05368,0.00488,-0.06344,-0.09028,-0.11712,0.0854,-0.40016,-0.07808,0.04392,-0.09272,-0.18544,-0.2196
0.06832,-0.00244,-0.06344,-0.0976,-0.13176,0.10004,-0.40504,-0.09272,0.03904,-0.0976,-0.19032,-0.21472
0.09272,-0.01708,-0.05856,-0.10492,-0.15128,0.122,-0.4148,-0.07808,0.0488,-0.08784,-0.17568,-0.2196
0.06832,-0.00976,-0.0488,-0.08296,-0.11712,0.09272,-0.40992,-0.07808,0.05368,-0.07808,-0.16592,-0.20984
0.09272,-0.01952,-0.05368,-0.10004,-0.1464,0.11956,-0.42456,-0.05368,0.04392,-0.08296,-0.16592,-0.1952
0.09272,-0.0122,-0.06832,-0.11468,-0.16104,0.12688,-0.43432,-0.04392,0.03416,-0.10248,-0.1708,-0.1952
0.08296,-0.00732,-0.06832,-0.1098,-0.15128,0.11712,-0.42944,-0.05856,0.02928,-0.10248,-0.18544,-0.20984
0.08296,-0.00976,-0.06344,-0.10492,-0.1464,0.11468,-0.42456,-0.05368,0.02928,-0.09272,-0.18544,-0.18056
0.05856,0.00732,-0.0732,-0.10248,-0.13176,0.09516,-0.40504,-0.06344,0.01464,-0.10736,-0.1952,-0.17568
0.02928,0.03416,-0.0976,-0.11224,-0.12688,0.07808,-0.39528,-0.0732,0,-0.122,-0.20496,-0.16592
0.0244,0.03904,-0.10248,-0.11468,-0.12688,0.07564,-0.40504,-0.07808,-0.00976,-0.11712,-0.20008,-0.16104
0.01952,0.0488,-0.11712,-0.12688,-0.13664,0.07808,-0.4148,-0.08784,-0.01464,-0.11712,-0.20008,-0.14152
0.00976,0.061,-0.13176,-0.13664,-0.14152,0.07564,-0.42944,-0.0732,-0.01952,-0.13176,-0.20984,-0.13664
0.00976,0.061,-0.13176,-0.13664,-0.14152,0.07564,-0.42456,-0.0732,-0.01952,-0.14152,-0.2196,-0.14152
0.01464,0.05612,-0.12688,-0.1342,-0.14152,0.07808,-0.4148,-0.08784,-0.0244,-0.13664,-0.2196,-0.12688
0,0.07076,-0.14152,-0.14152,-0.14152,0.07076,-0.40992,-0.11224,-0.0244,-0.13664,-0.22448,-0.11712
0.0244,0.05124,-0.12688,-0.13908,-0.15128,0.08784,-0.4148,-0.0976,-0.03416,-0.1464,-0.21472,-0.11224
0.04392,0.0366,-0.11712,-0.13908,-0.16104,0.10248,-0.41968,-0.0732,-0.02928,-0.1464,-0.21472,-0.10248
0.02928,0.0488,-0.12688,-0.14152,-0.15616,0.09272,-0.43432,-0.0732,-0.03904,-0.15128,-0.2196,-0.08296
0.01464,0.06344,-0.14152,-0.14884,-0.15616,0.0854,-0.43432,-0.06344,-0.0488,-0.16104,-0.23424,-0.07808
-0.00488,0.08052,-0.15616,-0.15372,-0.15128,0.0732,-0.43432,-0.08784,-0.05368,-0.15616,-0.22936,-0.0488
-0.0244,0.09028,-0.15616,-0.14396,-0.13176,0.05368,-0.43432,-0.08296,-0.0488,-0.14152,-0.2196,-0.01952
-0.01464,0.07808,-0.14152,-0.1342,-0.12688,0.05612,-0.44408,-0.0732,-0.0488,-0.15128,-0.21472,-0.00976
-0.00488,0.07808,-0.15128,-0.14884,-0.1464,0.07076,-0.44408,-0.07808,-0.05368,-0.15128,-0.2196,0
0.00488,0.07564,-0.15616,-0.1586,-0.16104,0.08296,-0.44896,-0.05856,-0.05856,-0.16104,-0.22936,0.00976
0.00976,0.06832,-0.1464,-0.15128,-0.15616,0.08296,-0.44896,-0.05856,-0.06832,-0.16104,-0.23424,0.00976
0.00976,0.0732,-0.15616,-0.16104,-0.16592,0.08784,-0.45384,-0.08784,-0.07808,-0.1708,-0.244,0.01952
0.00488,0.07808,-0.16104,-0.16348,-0.16592,0.0854,-0.45384,-0.0976,-0.07808,-0.1708,-0.244,0.0244
0.01952,0.061,-0.14152,-0.15128,-0.16104,0.09028,-0.44896,-0.11224,-0.07808,-0.16104,-0.22936,0.02928
0.01464,0.05856,-0.13176,-0.13908,-0.1464,0.08052,-0.44408,-0.10736,-0.07808,-0.16104,-0.22448,0.0244
0.00488,0.07076,-0.1464,-0.14884,-0.15128,0.07808,-0.45384,-0.08296,-0.07808,-0.16104,-0.2196,0.04392
0,0.07076,-0.14152,-0.14152,-0.14152,0.07076,-0.4392,-0.05856,-0.07808,-0.16104,-0.2196,0.03904
0,0.07564,-0.15128,-0.15128,-0.15128,0.07564,-0.41968,-0.12688,-0.07808,-0.16104,-0.23424,0.03416
0.00976,0.061,-0.13176,-0.13664,-0.14152,0.07564,-0.40992,-0.04392,-0.06344,-0.13176,-0.21472,0.05368
0.0244,0.06344,-0.15128,-0.16348,-0.17568,0.10004,-0.40504,0.01952,-0.05368,-0.1708,-0.22448,0.01952
-0.00488,0.08296,-0.16104,-0.1586,-0.15616,0.07564,-0.3172,0.22936,0.00976,-0.16104,-0.25376,0
0,0.06588,-0.13176,-0.13176,-0.13176,0.06588,-0.26352,0.3172,0.07808,-0.13664,-0.2684,-0.02928
-0.06832,0.07564,-0.08296,-0.0488,-0.01464,-0.02684,-0.23424,0.22448,0.14152,-0.0976,-0.23912,0
-0.00976,0.01464,-0.01952,-0.01464,-0.00976,0,-0.28304,0.13664,0.14152,-0.08296,-0.19032,0.01464
0.06832,-0.061,0.05368,0.01952,-0.01464,0.04148,-0.31232,0,0.15128,-0.00976,-0.08784,0.09272
0.28792,-0.19032,0.09272,-0.05124,-0.1952,0.24156,-0.40504,-0.10736,0.0732,0.01464,-0.0244,0.15616
0.5124,-0.33672,0.16104,-0.09516,-0.35136,0.43188,-0.64904,-0.39528,-0.0244,0.0732,0.08784,0.23424
0.68808,-0.50752,0.32696,-0.01708,-0.36112,0.5246,-0.8784,-0.82472,-0.15616,0.1952,0.29768,0.46848
0.80032,-0.60512,0.40992,0.00976,-0.3904,0.59536,-1.1224,-1.58112,-0.40016,0.244,0.48312,0.79056
0.81496,-0.59292,0.37088,-0.0366,-0.44408,0.62952,-1.2932,-2.16184,-0.66856,0.09272,0.40992,1.03944
0.57096,-0.3904,0.20984,-0.07564,-0.36112,0.46604,-1.16144,-2.18624,-0.81008,-0.122,0.19032,0.89792
0.13664,-0.07564,0.01464,-0.05368,-0.122,0.12932,-0.89304,-2.0252,-0.9272,-0.32208,-0.05368,0.83936
-0.03416,0.08052,-0.12688,-0.1098,-0.09272,0.02928,-0.7564,-1.54208,-0.80032,-0.40504,-0.21472,0.50264
-0.08296,0.14884,-0.21472,-0.17324,-0.13176,0.0244,-0.6344,-0.99552,-0.59536,-0.38064,-0.30256,0.18544
-0.12688,0.18788,-0.24888,-0.18544,-0.122,-0.00244,-0.57584,-0.67344,-0.44408,-0.3416,-0.3416,0.01952
-0.12688,0.20008,-0.27328,-0.20984,-0.1464,0.00976,-0.44896,-0.37576,-0.32696,-0.31232,-0.35136,-0.122
-0.15128,0.20984,-0.2684,-0.19276,-0.11712,-0.01708,-0.37576,-0.20496,-0.2196,-0.244,-0.28792,-0.122
-0.08784,0.14152,-0.1952,-0.15128,-0.10736,0.00976,-0.366,-0.08784,-0.12688,-0.18056,-0.24888,-0.13664
-0.01464,0.07564,-0.13664,-0.12932,-0.122,0.05368,-0.38064,-0.04392,-0.0976,-0.15616,-0.20008,-0.01952
0.00976,0.05368,-0.11712,-0.122,-0.12688,0.06832,-0.35624,-0.0244,-0.09272,-0.13664,-0.16592,-0.07808
0.00488,0.06832,-0.14152,-0.14396,-0.1464,0.07564,-0.3416,-0.00976,-0.08784,-0.1464,-0.1708,-0.06344
-0.01952,0.07076,-0.122,-0.11224,-0.10248,0.04148,-0.32208,-0.00488,-0.0976,-0.1464,-0.1708,-0.04392
-0.01464,0.07808,-0.14152,-0.1342,-0.12688,0.05612,-0.35624,0,-0.10736,-0.1464,-0.20008,-0.06344
0,0.0732,-0.1464,-0.1464,-0.1464,0.0732,-0.3904,0.01952,-0.122,-0.16104,-0.20984,-0.06344
0.00488,0.06344,-0.13176,-0.1342,-0.13664,0.07076,-0.37088,0.00976,-0.10736,-0.1708,-0.20496,-0.0488
0.00488,0.06344,-0.13176,-0.1342,-0.13664,0.07076,-0.36112,-0.01952,-0.10248,-0.16592,-0.20008,-0.04392
0.00488,0.06588,-0.13664,-0.13908,-0.14152,0.0732,-0.37088,-0.02928,-0.11712,-0.15616,-0.1952,-0.02928
0.01952,0.0488,-0.11712,-0.12688,-0.13664,0.07808,-0.37576,-0.01952,-0.12688,-0.1464,-0.1952,-0.01464
-0.00976,0.06832,-0.12688,-0.122,-0.11712,0.05368,-0.38064,-0.00488,-0.122,-0.1464,-0.18544,-0.0244
-0.01464,0.061,-0.10736,-0.10004,-0.09272,0.03904,-0.37576,-0.00976,-0.11712,-0.14152,-0.18544,-0.03904
-0.00976,0.06344,-0.11712,-0.11224,-0.10736,0.0488,-0.39528,0.00488,-0.11224,-0.13176,-0.17568,-0.0488
0.00488,0.05612,-0.11712,-0.11956,-0.122,0.06344,-0.41968,0.01952,-0.10736,-0.13176,-0.16592,-0.03904
0,0.05856,-0.11712,-0.11712,-0.11712,0.05856,-0.40504,0.01952,-0.10248,-0.13664,-0.16104,-0.01952
-0.00976,0.06588,-0.122,-0.11712,-0.11224,0.05124,-0.39528,-0.00488,-0.11224,-0.14152,-0.17568,-0.00976
-0.01464,0.0732,-0.13176,-0.12444,-0.11712,0.05124,-0.40016,-0.01464,-0.11224,-0.1464,-0.15616,0.00976
0.01952,0.05124,-0.122,-0.13176,-0.14152,0.08052,-0.38552,-0.00976,-0.11224,-0.13176,-0.14152,0.02928
0.05856,0.01464,-0.08784,-0.11712,-0.1464,0.10248,-0.40504,0.01952,-0.09272,-0.13176,-0.1464,0.01464
0.0488,0.01464,-0.07808,-0.10248,-0.12688,0.08784,-0.41968,0.03416,-0.09272,-0.122,-0.1464,-0.00488
0.01952,0.04392,-0.10736,-0.11712,-0.12688,0.0732,-0.42456,0.0244,-0.122,-0.13664,-0.16104,-0.02928
0.01952,0.04148,-0.10248,-0.11224,-0.122,0.07076,-0.43432,0.03904,-0.14152,-0.13664,-0.15616,-0.0244
0.00976,0.04392,-0.0976,-0.10248,-0.10736,0.05856,-0.4392,0.01464,-0.13176,-0.13176,-0.17568,0.00976
0.00976,0.04636,-0.10248,-0.10736,-0.11224,0.061,-0.44408,0.00488,-0.13176,-0.13664,-0.17568,0.0488
0.01952,0.03416,-0.08784,-0.0976,-0.10736,0.06344,-0.42944,0.03904,-0.11712,-0.12688,-0.16592,0.0488
0.0244,0.0244,-0.0732,-0.0854,-0.0976,0.061,-0.42944,0.05856,-0.10736,-0.12688,-0.15128,0.05368
-0.00976,0.05124,-0.09272,-0.08784,-0.08296,0.0366,-0.42456,0.0732,-0.122,-0.12688,-0.14152,0.03416
-0.03904,0.08052,-0.122,-0.10248,-0.08296,0.02196,-0.42456,0.10248,-0.12688,-0.12688,-0.13176,0.00488
-0.01464,0.06344,-0.11224,-0.10492,-0.0976,0.04148,-0.44408,0.0976,-0.11712,-0.11712,-0.11224,0
0,0.05124,-0.10248,-0.10248,-0.10248,0.05124,-0.4636,0.10736,-0.10736,-0.10736,-0.11224,-0.0244
-0.01952,0.07076,-0.122,-0.11224,-0.10248,0.04148,-0.47336,0.0976,-0.11712,-0.122,-0.12688,0
-0.00976,0.07076,-0.13176,-0.12688,-0.122,0.05612,-0.46848,0.08296,-0.122,-0.12688,-0.13176,0.00976
0.00976,0.05612,-0.122,-0.12688,-0.13176,0.07076,-0.47824,0.08784,-0.11224,-0.13664,-0.15616,0
0.01952,0.04148,-0.10248,-0.11224,-0.122,0.07076,-0.4636,0.13176,-0.0976,-0.12688,-0.1708,0
0.05368,0.00976,-0.0732,-0.10004,-0.12688,0.09028,-0.45384,0.14152,-0.09272,-0.10736,-0.13664,0.01952
0.08296,-0.02684,-0.02928,-0.07076,-0.11224,0.0976,-0.44896,0.16104,-0.0732,-0.08784,-0.10248,-0.00488
0.05368,-0.00732,-0.03904,-0.06588,-0.09272,0.0732,-0.4392,0.20008,-0.06344,-0.07808,-0.08784,0.01464
0.00976,0.01952,-0.0488,-0.05368,-0.05856,0.03416,-0.42944,0.23912,-0.05368,-0.08296,-0.08784,0.02928
0.01464,0.03416,-0.08296,-0.09028,-0.0976,0.05612,-0.4392,0.23912,-0.06832,-0.10248,-0.11224,0.00488
0,0.04148,-0.08296,-0.08296,-0.08296,0.04148,-0.43432,0.26352,-0.05368,-0.10736,-0.14152,-0.0244
0.05368,-0.00732,-0.03904,-0.06588,-0.09272,0.0732,-0.4148,0.27816,-0.0244,-0.07808,-0.08784,-0.01952
0.06344,-0.00976,-0.04392,-0.07564,-0.10736,0.0854,-0.4148,0.32208,-0.00976,-0.05368,-0.07808,-0.01464
0.09272,-0.05612,0.01952,-0.02684,-0.0732,0.08296,-0.40992,0.40504,0.03416,-0.01464,-0.03416,0.00488
0.1464,-0.11712,0.08784,0.01464,-0.05856,0.10248,-0.39528,0.45872,0.07808,0.0244,0.00488,0.0244
0.01952,0.01464,-0.0488,-0.05856,-0.06832,0.04392,-0.45384,0.41968,0.0244,-0.01464,-0.02928,-0.01952
-0.09272,0.13664,-0.18056,-0.1342,-0.08784,-0.00244,-0.50752,0.38552,-0.0244,-0.04392,-0.05368,-0.0732
-0.0244,0.07808,-0.13176,-0.11956,-0.10736,0.04148,-0.49776,0.37576,-0.00488,-0.0244,-0.03904,-0.05856
0.0244,0.03416,-0.09272,-0.10492,-0.11712,0.07076,-0.5124,0.37576,0.00488,-0.0244,-0.0244,-0.03416
0.06344,-0.00976,-0.04392,-0.07564,-0.10736,0.0854,-0.48312,0.37576,0.01952,0.00488,-0.00488,-0.0244
0.11224,-0.0488,-0.01464,-0.07076,-0.12688,0.11956,-0.44896,0.33672,0.00976,0.01464,0.01464,-0.0244
0.10248,-0.03416,-0.03416,-0.0854,-0.13664,0.11956,-0.47336,0.34648,0,0.01464,0.0244,-0.03416
0.0732,-0.02684,-0.01952,-0.05612,-0.09272,0.08296,-0.49776,0.34648,-0.01464,0.01952,0.02928,-0.03416
0.122,-0.07564,0.02928,-0.03172,-0.09272,0.10736,-0.47824,0.32208,-0.00488,0.03904,0.03904,0.00976
0.1708,-0.12444,0.07808,-0.00732,-0.09272,0.13176,-0.4636,0.28792,-0.01464,0.03416,0.03904,0.0244
0.10248,-0.05856,0.01464,-0.0366,-0.08784,0.09516,-0.49288,0.21472,-0.0488,-0.00488,0.00488,-0.00976
0.04392,0.00732,-0.05856,-0.08052,-0.10248,0.0732,-0.5124,0.15616,-0.06832,-0.0244,-0.01952,-0.01952
0.04392,0,-0.04392,-0.06588,-0.08784,0.06588,-0.5124,0.13176,-0.08296,-0.03904,-0.03416,-0.02928
0.10736,-0.04636,-0.01464,-0.06832,-0.122,0.11468,-0.52704,0.11712,-0.10248,-0.04392,-0.05368,-0.01952
0.10736,-0.05856,0.00976,-0.04392,-0.0976,0.10248,-0.53192,0.08784,-0.0976,-0.03904,-0.0244,-0.0244
0.11712,-0.07808,0.03904,-0.01952,-0.07808,0.0976,-0.54656,0.0732,-0.08784,-0.03904,-0.01952,-0.00976
0.09272,-0.06832,0.04392,-0.00244,-0.0488,0.07076,-0.51728,0.06344,-0.06832,-0.02928,0.00488,-0.02928
0.08296,-0.05612,0.02928,-0.0122,-0.05368,0.06832,-0.45872,0.02928,-0.0732,-0.01464,0.01464,-0.04392
0.09272,-0.0732,0.05368,0.00732,-0.03904,0.06588,-0.40504,0.03416,-0.07808,-0.00488,0.01952,-0.04392
0.10736,-0.09272,0.07808,0.0244,-0.02928,0.06832,-0.38064,0.03416,-0.08296,-0.00488,0.01464,-0.0488
0.12688,-0.10492,0.08296,0.01952,-0.04392,0.0854,-0.37576,0.04392,-0.08296,-0.02928,0,-0.03416
0.14152,-0.10736,0.0732,0.00244,-0.06832,0.10492,-0.38064,0.05368,-0.08784,-0.04392,-0.00976,-0.02928
0.10736,-0.08052,0.05368,0,-0.05368,0.08052,-0.38552,0.01464,-0.08296,-0.03904,-0.01952,-0.0488
0.0976,-0.07564,0.05368,0.00488,-0.04392,0.07076,-0.3904,-0.01464,-0.08296,-0.02928,-0.02928,-0.06832
0.07808,-0.061,0.04392,0.00488,-0.03416,0.05612,-0.40016,0.01952,-0.0732,-0.01464,0.00488,-0.10248
0.06832,-0.05124,0.03416,0,-0.03416,0.05124,-0.40016,0.02928,-0.06344,-0.03416,0.01952,-0.122
0.07808,-0.06344,0.0488,0.00976,-0.02928,0.05368,-0.39528,0.02928,-0.05368,-0.02928,0.00488,-0.10736
0.07808,-0.061,0.04392,0.00488,-0.03416,0.05612,-0.38064,0.01464,-0.05856,-0.0244,-0.00976,-0.09272
0.06832,-0.04636,0.0244,-0.00976,-0.04392,0.05612,-0.37088,0,-0.05368,-0.03416,-0.01952,-0.09272
0.06344,-0.04148,0.01952,-0.0122,-0.04392,0.05368,-0.37576,-0.01464,-0.04392,-0.05856,-0.03416,-0.10736
0.08784,-0.05856,0.02928,-0.01464,-0.05856,0.0732,-0.366,-0.00976,-0.03416,-0.06344,-0.02928,-0.10248
0.10248,-0.07076,0.03904,-0.0122,-0.06344,0.08296,-0.34648,0,-0.03416,-0.03904,-0.03416,-0.10248
0.09272,-0.06344,0.03416,-0.0122,-0.05856,0.07564,-0.33184,0.00488,-0.04392,-0.03904,-0.0488,-0.08784
0.10248,-0.06344,0.0244,-0.02684,-0.07808,0.09028,-0.33672,0.00488,-0.05856,-0.05856,-0.05856,-0.08784
0.07808,-0.04636,0.01464,-0.0244,-0.06344,0.07076,-0.32696,0.00976,-0.04392,-0.05368,-0.03904,-0.0976
0.06344,-0.04148,0.01952,-0.0122,-0.04392,0.05368,-0.32696,0.00976,-0.03416,-0.0488,-0.00488,-0.11712
0.03416,-0.0244,0.01464,-0.00244,-0.01952,0.02684,-0.3172,0.01952,-0.02928,-0.0488,-0.00976,-0.11224
0.03904,-0.01952,0,-0.01952,-0.03904,0.03904,-0.30256,0.03904,-0.01952,-0.03904,-0.0244,-0.11224
0.01952,-0.00732,-0.00488,-0.01464,-0.0244,0.02196,-0.2928,0.04392,-0.03416,-0.05368,-0.0244,-0.13176
0.0244,-0.00976,-0.00488,-0.01708,-0.02928,0.02684,-0.27816,0.05856,-0.04392,-0.06832,-0.0488,-0.14152
0.06344,-0.04392,0.0244,-0.00732,-0.03904,0.05124,-0.2684,0.0488,-0.0244,-0.05856,-0.03416,-0.13176
0.08784,-0.07564,0.06344,0.01952,-0.0244,0.05612,-0.26352,0.05368,-0.00488,-0.0488,-0.01464,-0.11224
0.0244,-0.02196,0.01952,0.00732,-0.00488,0.01464,-0.29768,0.0244,-0.00976,-0.0488,-0.0244,-0.122
-0.0244,0.03904,-0.05368,-0.04148,-0.02928,0.00244,-0.3172,0.00976,-0.02928,-0.0488,-0.03904,-0.13664
-0.03416,0.05368,-0.0732,-0.05612,-0.03904,0.00244,-0.34648,-0.01464,-0.04392,-0.05368,-0.00976,-0.14152
-0.06832,0.0854,-0.10248,-0.06832,-0.03416,-0.01708,-0.366,-0.01952,-0.04392,-0.05856,-0.00976,-0.14152
-0.05368,0.06344,-0.0732,-0.04636,-0.01952,-0.01708,-0.35136,0.03416,-0.01952,-0.04392,-0.01952,-0.13664
-0.05368,0.05612,-0.05856,-0.03172,-0.00488,-0.0244,-0.33672,0.06832,-0.00488,-0.02928,-0.02928,-0.122
0.00488,0.00488,-0.01464,-0.01708,-0.01952,0.0122,-0.32696,0.09272,-0.00488,-0.00488,0,-0.11224
-0.00976,0,0.00976,0.01464,0.01952,-0.01464,-0.3172,0.0976,0.00976,0.00976,0.06832,-0.11224
0.06344,-0.07076,0.07808,0.04636,0.01464,0.0244,-0.32696,0.10736,0.04392,0.02928,0.08784,-0.07808
0.12688,-0.1342,0.14152,0.07808,0.01464,0.05612,-0.3172,0.13664,0.08784,0.06344,0.10248,-0.06832
0.11224,-0.11468,0.11712,0.061,0.00488,0.05368,-0.3416,0.09272,0.05856,0.0488,0.08296,-0.06344
0.08784,-0.08784,0.08784,0.04392,0,0.04392,-0.3416,0.08296,0.03904,0.03904,0.06344,-0.06344
0.01952,-0.02928,0.03904,0.02928,0.01952,0,-0.32208,0.08296,0.0244,0.01464,0.05368,-0.06832
-0.00976,0.00488,0,0.00488,0.00976,-0.00976,-0.32208,0.0976,0.00488,0.00488,0.03904,-0.07808
-0.01464,0.00488,0.00488,0.0122,0.01952,-0.01708,-0.34648,0.10736,0.00488,0.0244,0.0488,-0.07808
-0.01464,-0.00732,0.02928,0.0366,0.04392,-0.02928,-0.35136,0.0976,0,0.03416,0.04392,-0.07808
0.01952,-0.04392,0.06832,0.05856,0.0488,-0.01464,-0.35136,0.07808,0.00488,0.0488,0.06344,-0.06832
0.04392,-0.07564,0.10736,0.0854,0.06344,-0.00976,-0.36112,0.0732,0.00976,0.06832,0.09272,-0.05856
0.0244,-0.05124,0.07808,0.06588,0.05368,-0.01464,-0.3904,0.09272,-0.00976,0.01952,0.06344,-0.06344
0.07808,-0.11224,0.1464,0.10736,0.06832,0.00488,-0.37088,0.12688,0.00976,0.03904,0.06832,-0.03904
0.06832,-0.09272,0.11712,0.08296,0.0488,0.00976,-0.3904,0.0976,-0.00976,0.0488,0.07808,-0.0488
0.05856,-0.0732,0.08784,0.05856,0.02928,0.01464,-0.40016,0.06832,-0.01952,0.0488,0.08784,-0.05856
0.08784,-0.09272,0.0976,0.05368,0.00976,0.03904,-0.39528,0.06832,-0.03416,0.03904,0.08296,-0.06344
0.07808,-0.08296,0.08784,0.0488,0.00976,0.03416,-0.3904,0.06344,-0.04392,0.01952,0.07808,-0.05368
0.10248,-0.1098,0.11712,0.06588,0.01464,0.04392,-0.37576,0.05368,-0.02928,0.03904,0.07808,-0.0488
0.122,-0.13176,0.14152,0.08052,0.01952,0.05124,-0.35624,0.0488,-0.00976,0.05856,0.07808,-0.05856
0.11224,-0.11224,0.11224,0.05612,0,0.05612,-0.35136,0.05368,0,0.05856,0.08784,-0.07808
0.06832,-0.07076,0.0732,0.03904,0.00488,0.03172,-0.36112,0.05856,0,0.05368,0.08784,-0.09272
0.0732,-0.06832,0.06344,0.02684,-0.00976,0.04148,-0.38064,0.0488,-0.00488,0.04392,0.07808,-0.10248
0.07808,-0.07564,0.0732,0.03416,-0.00488,0.04148,-0.39528,0.03416,-0.00976,0.03904,0.0732,-0.10736
0.11224,-0.10004,0.08784,0.03172,-0.0244,0.06832,-0.42456,0.0488,0,0.0488,0.08784,-0.11224
0.0976,-0.10248,0.10736,0.05856,0.00976,0.04392,-0.4392,0.0488,0.00488,0.0488,0.0976,-0.11224
0.122,-0.10736,0.09272,0.03172,-0.02928,0.07564,-0.40504,0.04392,0.01464,0.04392,0.08784,-0.08784
0.122,-0.10004,0.07808,0.01708,-0.04392,0.08296,-0.38552,0.04392,0.00488,0.0244,0.0732,-0.08784
0.10248,-0.0854,0.06832,0.01708,-0.03416,0.06832,-0.38064,0.03904,0.01952,0.0244,0.07808,-0.10248
0.10248,-0.08784,0.0732,0.02196,-0.02928,0.06588,-0.37576,0.05368,0.02928,0.04392,0.07808,-0.08296
0.11712,-0.1098,0.10248,0.04392,-0.01464,0.06588,-0.34648,0.04392,0.04392,0.0488,0.08784,-0.10736
0.11712,-0.11712,0.11712,0.05856,0,0.05856,-0.33672,0.04392,0.0488,0.04392,0.07808,-0.10736
0.06344,-0.06344,0.06344,0.03172,0,0.03172,-0.37576,0.0488,0.02928,0.02928,0.06344,-0.14152
0.01952,-0.01464,0.00976,0,-0.00976,0.01464,-0.40504,0.03904,0.01464,0.02928,0.05368,-0.15128
0.01952,-0.02684,0.03416,0.0244,0.01464,0.00244,-0.38064,0.04392,0.01952,0.04392,0.06344,-0.1464
0.01952,-0.04148,0.06344,0.05368,0.04392,-0.0122,-0.34648,0.04392,0.02928,0.04392,0.06344,-0.14152
0.03416,-0.05612,0.07808,0.061,0.04392,-0.00488,-0.32696,0.0488,0.0244,0.0488,0.0732,-0.12688
0.03904,-0.061,0.08296,0.06344,0.04392,-0.00244,-0.32208,0.04392,0.03416,0.0488,0.06832,-0.12688
0.01464,-0.04148,0.06832,0.061,0.05368,-0.01952,-0.32696,0.0488,0.0244,0.03904,0.05856,-0.14152
-0.01464,-0.01708,0.0488,0.05612,0.06344,-0.03904,-0.33184,0.05368,0.01952,0.02928,0.05856,-0.15128
-0.02928,0,0.02928,0.04392,0.05856,-0.04392,-0.34648,0.03416,0.00976,0.03416,0.05368,-0.15128
-0.04392,0.01952,0.00488,0.02684,0.0488,-0.04636,-0.33672,0.0244,0,0.0244,0.0488,-0.15616
-0.0244,0.00244,0.01952,0.03172,0.04392,-0.03416,-0.34648,0,0.00488,0.01952,0.05368,-0.1464
-0.01464,-0.00732,0.02928,0.0366,0.04392,-0.02928,-0.34648,0.00488,0.00976,0.0244,0.05368,-0.1464
-0.0244,0,0.0244,0.0366,0.0488,-0.0366,-0.33672,0.0244,0.00976,0.01464,0.0488,-0.13664
-0.03416,0.01464,0.00488,0.02196,0.03904,-0.0366,-0.32696,0.02928,0.00488,0.00488,0.04392,-0.12688
-0.01464,0.00244,0.00976,0.01708,0.0244,-0.01952,-0.30256,0.03904,0,0.01464,0.04392,-0.13664
-0.00976,-0.00488,0.01952,0.0244,0.02928,-0.01952,-0.28304,0.03904,-0.00976,0.01464,0.03904,-0.1464
0.00976,-0.01952,0.02928,0.0244,0.01952,-0.00488,-0.24888,0.03904,0,0.01464,0.0488,-0.12688
0.01464,-0.0244,0.03416,0.02684,0.01952,-0.00244,-0.2196,0.03904,0,0.01464,0.05856,-0.10248
0.00976,-0.0122,0.01464,0.00976,0.00488,0.00244,-0.1952,0.0244,-0.00976,0.00488,0.05368,-0.11712
0.00488,-0.00488,0.00488,0.00244,0,0.00244,-0.18056,0.02928,-0.00976,0.00488,0.0488,-0.122
-0.00488,0.00732,-0.00976,-0.00732,-0.00488,0,-0.1708,0.04392,-0.01952,-0.00488,0.04392,-0.13176
-0.00976,0.00244,0.00488,0.00976,0.01464,-0.0122,-0.15616,0.0488,-0.01952,-0.00488,0.04392,-0.1464
0.01952,-0.01708,0.01464,0.00488,-0.00488,0.0122,-0.11712,0.05856,-0.01952,0.00488,0.03904,-0.13176
-0.00976,0.00732,-0.00488,0,0.00488,-0.00732,-0.08784,0.06344,-0.0244,0.00488,0.03904,-0.122
-0.03416,0.0244,-0.01464,0.00244,0.01952,-0.02684,-0.05368,0.16592,-0.00488,0.01464,0.03904,-0.13664
-0.00488,0,0.00488,0.00732,0.00976,-0.00732,0.01464,0.39528,0.0488,0.0244,0.02928,-0.17568
-0.03904,0.00244,0.03416,0.05368,0.0732,-0.05612,0.12688,0.40504,0.11712,0.0488,0.0244,-0.1952
-0.0488,-0.01708,0.08296,0.10736,0.13176,-0.09028,0.16592,0.31232,0.18056,0.06832,0.04392,-0.1952
-0.05856,-0.02928,0.11712,0.1464,0.17568,-0.11712,0.15616,0.10736,0.16104,0.09272,0.08296,-0.15128
0.05856,-0.1342,0.20984,0.18056,0.15128,-0.04636,0.0976,0.00976,0.18056,0.16592,0.16592,-0.06344
0.23912,-0.23912,0.23912,0.11956,0,0.11956,-0.0244,-0.01952,0.13176,0.20984,0.24888,0.00976
0.4636,-0.40016,0.33672,0.10492,-0.12688,0.29524,-0.29768,-0.29768,0.0732,0.28792,0.3904,0.16592
0.68808,-0.57584,0.4636,0.11956,-0.22448,0.45628,-0.52704,-0.7564,-0.06832,0.37088,0.5612,0.38064
0.8296,-0.69784,0.56608,0.15128,-0.26352,0.54656,-0.79056,-1.55184,-0.23424,0.4392,0.73688,0.71248
0.854,-0.64172,0.42944,0.00244,-0.42456,0.63928,-0.91256,-2.16184,-0.49288,0.20984,0.57584,0.76616
0.52216,-0.39528,0.2684,0.00732,-0.25376,0.38796,-0.81008,-2.21552,-0.60512,0.01464,0.38552,0.74176
0.13664,-0.12444,0.11224,0.04392,-0.0244,0.08052,-0.64904,-1.96664,-0.71248,-0.12688,0.19032,0.5856
-0.08296,0.05124,-0.01952,0.02196,0.06344,-0.0732,-0.53192,-1.37616,-0.56608,-0.1708,0.03904,0.29768
-0.15128,0.13908,-0.12688,-0.05124,0.0244,-0.08784,-0.35136,-0.89792,-0.37088,-0.17568,-0.0488,0.0488
-0.1952,0.17324,-0.15128,-0.05368,0.04392,-0.11956,-0.1952,-0.52704,-0.22936,-0.12688,-0.05856,-0.13664
-0.18544,0.18056,-0.17568,-0.08296,0.00976,-0.0976,-0.05856,-0.2684,-0.11224,-0.10736,-0.07808,-0.23912
-0.20984,0.17568,-0.14152,-0.0366,0.06832,-0.13908,0.05368,-0.1464,0.00488,-0.05856,-0.04392,-0.23912
-0.18544,0.14152,-0.0976,-0.00488,0.08784,-0.13664,0.10248,-0.01952,0.07808,-0.01464,-0.00488,-0.20496
-0.14152,0.1098,-0.07808,-0.00732,0.06344,-0.10248,0.11712,0.0732,0.0976,0.01952,0.03416,-0.1952
-0.13664,0.08784,-0.03904,0.02928,0.0976,-0.11712,0.122,0.11224,0.122,0.02928,0.0488,-0.18544
-0.10248,0.0732,-0.04392,0.00732,0.05856,-0.08052,0.16592,0.0976,0.13664,0.02928,0.04392,-0.18056
-0.0976,0.061,-0.0244,0.0244,0.0732,-0.0854,0.21472,0.08296,0.13664,0.03904,0.03416,-0.1708
-0.09272,0.06832,-0.04392,0.00244,0.0488,-0.07076,0.2196,0.07808,0.13664,0.02928,0.0244,-0.1708
-0.06832,0.05856,-0.0488,-0.01464,0.01952,-0.04392,0.21472,0.0976,0.122,0.00488,0.0244,-0.16104
-0.0732,0.05368,-0.03416,0.00244,0.03904,-0.05612,0.26352,0.08784,0.12688,-0.00488,0.00976,-0.15616
-0.0732,0.05368,-0.03416,0.00244,0.03904,-0.05612,0.28304,0.05856,0.13176,0,0.01464,-0.16104
-0.09272,0.07076,-0.0488,-0.00244,0.04392,-0.06832,0.27328,0.0488,0.12688,0.01952,0.02928,-0.1464
-0.0976,0.06832,-0.03904,0.00976,0.05856,-0.07808,0.2684,0.05856,0.12688,0.02928,0.02928,-0.14152
-0.0976,0.06344,-0.02928,0.01952,0.06832,-0.08296,0.2928,0.0732,0.13176,0.03904,0.03904,-0.13176
-0.08296,0.04636,-0.00976,0.03172,0.0732,-0.07808,0.3172,0.06832,0.13664,0.04392,0.03904,-0.12688
-0.07808,0.0488,-0.01952,0.01952,0.05856,-0.06832,0.30744,0.08296,0.13176,0.0244,0.02928,-0.11712
-0.06344,0.04636,-0.02928,0.00244,0.03416,-0.0488,0.2928,0.0976,0.12688,0.01464,0.01952,-0.0976
-0.08784,0.06344,-0.03904,0.00488,0.0488,-0.06832,0.30744,0.0976,0.11224,0.00976,0.0244,-0.0976
-0.10736,0.07564,-0.04392,0.00976,0.06344,-0.0854,0.3172,0.0732,0.09272,0.00488,0.00976,-0.0976
-0.122,0.07808,-0.03416,0.02684,0.08784,-0.10492,0.3416,0.0732,0.11224,0.02928,0.03904,-0.07808
-0.0976,0.05612,-0.01464,0.03416,0.08296,-0.09028,0.366,0.08784,0.122,0.06344,0.06344,-0.05856
-0.03904,0.01464,0.00976,0.02928,0.0488,-0.04392,0.37576,0.10736,0.122,0.0244,0.02928,-0.06344
-0.02928,0.00488,0.01952,0.03416,0.0488,-0.03904,0.3904,0.11224,0.11224,-0.00488,0.00976,-0.08296
-0.02928,0.00976,0.00976,0.0244,0.03904,-0.03416,0.40504,0.09272,0.10248,0.01952,0.01464,-0.07808
-0.00976,-0.00732,0.0244,0.02928,0.03416,-0.02196,0.40504,0.08784,0.10248,0.03904,0.02928,-0.06344
-0.0488,0.01952,0.00976,0.03416,0.05856,-0.05368,0.38064,0.06344,0.09272,0.0244,0.00976,-0.07808
-0.06832,0.03172,0.00488,0.03904,0.0732,-0.07076,0.366,0.05368,0.09272,0.01952,0.00976,-0.08784
-0.08784,0.05856,-0.02928,0.01464,0.05856,-0.0732,0.3904,0.0976,0.10736,0.00976,0,-0.07808
-0.10248,0.0732,-0.04392,0.00732,0.05856,-0.08052,0.40016,0.12688,0.10736,0.00976,0.00488,-0.0732
-0.0976,0.06588,-0.03416,0.01464,0.06344,-0.08052,0.4148,0.13176,0.10248,0.01952,-0.00488,-0.0732
-0.0976,0.06588,-0.03416,0.01464,0.06344,-0.08052,0.4148,0.15128,0.10736,0.01952,-0.00488,-0.08296
-0.0732,0.04392,-0.01464,0.02196,0.05856,-0.06588,0.42456,0.1464,0.0976,0.02928,0.00488,-0.08784
-0.06832,0.0366,-0.00488,0.02928,0.06344,-0.06588,0.42456,0.15616,0.0976,0.02928,0.00488,-0.11224
-0.18544,0.1342,-0.08296,0.00976,0.10248,-0.14396,0.40504,0.11712,0.05856,-0.03416,-0.05856,-0.16592
-0.27328,0.21228,-0.15128,-0.01464,0.122,-0.19764,0.40992,0.0732,0.01464,-0.0976,-0.11224,-0.23424
-0.32208,0.26596,-0.20984,-0.0488,0.11224,-0.21716,0.42944,0.02928,0.01464,-0.11712,-0.13664,-0.244
-0.37088,0.31476,-0.25864,-0.0732,0.11224,-0.24156,0.4636,0.0244,0.01952,-0.11712,-0.15128,-0.244
-0.32696,0.28792,-0.24888,-0.0854,0.07808,-0.20252,0.45384,0.06344,0.03416,-0.0976,-0.12688,-0.22448
-0.28792,0.2562,-0.22448,-0.08052,0.06344,-0.17568,0.44896,0.11224,0.05368,-0.08784,-0.10248,-0.23912
-0.2684,0.2318,-0.1952,-0.061,0.0732,-0.1708,0.46848,0.18056,0.0732,-0.03904,-0.07808,-0.2196
-0.27328,0.22448,-0.17568,-0.03904,0.0976,-0.18544,0.488,0.23912,0.09272,-0.01464,-0.06832,-0.21472
-0.22936,0.20008,-0.1708,-0.05612,0.05856,-0.14396,0.47824,0.23912,0.08784,-0.0244,-0.06344,-0.19032
-0.22448,0.18788,-0.15128,-0.03904,0.0732,-0.14884,0.48312,0.25376,0.10248,-0.01952,-0.06344,-0.19032
-0.19032,0.16348,-0.13664,-0.04148,0.05368,-0.122,0.48312,0.2684,0.122,0.00976,-0.02928,-0.17568
-0.19032,0.1708,-0.15128,-0.05612,0.03904,-0.11468,0.48312,0.30256,0.12688,0.03416,-0.03904,-0.1708
-0.1708,0.14884,-0.12688,-0.04148,0.04392,-0.10736,0.46848,0.366,0.14152,0.05368,-0.01464,-0.1708
-0.13664,0.11224,-0.08784,-0.01952,0.0488,-0.09272,0.45384,0.40016,0.15616,0.06344,0.01464,-0.1708
-0.10736,0.08784,-0.06832,-0.01464,0.03904,-0.0732,0.45384,0.42944,0.1708,0.06344,0.02928,-0.13664
-0.0732,0.06832,-0.06344,-0.02684,0.00976,-0.04148,0.44896,0.45384,0.1708,0.0732,0.04392,-0.13176
-0.04392,0.05368,-0.06344,-0.04148,-0.01952,-0.0122,0.4392,0.44408,0.16104,0.0732,0.03904,-0.13664
-0.0244,0.03904,-0.05368,-0.04148,-0.02928,0.00244,0.42456,0.44408,0.15128,0.0732,0.04392,-0.13176
-0.01464,0.01952,-0.0244,-0.01708,-0.00976,-0.00244,0.40504,0.44408,0.16592,0.08296,0.05368,-0.11224
0.00488,0.00976,-0.0244,-0.02684,-0.02928,0.01708,0.3904,0.40504,0.15616,0.08296,0.06344,-0.11224
0.00488,0.01464,-0.03416,-0.0366,-0.03904,0.02196,0.366,0.35624,0.13664,0.08296,0.06344,-0.08296
-0.00488,0.0122,-0.01952,-0.01708,-0.01464,0.00488,0.33184,0.29768,0.122,0.07808,0.05856,-0.05368
0.01464,0.00244,-0.01952,-0.02684,-0.03416,0.0244,0.30256,0.28304,0.10248,0.08784,0.06832,-0.03904
0.03416,-0.0122,-0.00976,-0.02684,-0.04392,0.03904,0.2684,0.24888,0.08296,0.08296,0.06832,-0.04392
0.0244,-0.00488,-0.01464,-0.02684,-0.03904,0.03172,0.22936,0.22448,0.06832,0.05368,0.04392,-0.05856
0.0244,0.00244,-0.02928,-0.04148,-0.05368,0.03904,0.20008,0.21472,0.05856,0.03416,0.02928,-0.0488
-0.00488,0.01464,-0.0244,-0.02196,-0.01952,0.00732,0.20008,0.15128,0.04392,0.03904,0.03416,-0.05856
0.02928,-0.0122,-0.00488,-0.01952,-0.03416,0.03172,0.1952,0.10736,0.0244,0.05368,0.03416,-0.03904
0.00976,0.00488,-0.01952,-0.0244,-0.02928,0.01952,0.20008,0.10736,0.01952,0.03904,0.03416,-0.04392
0.00976,0,-0.00976,-0.01464,-0.01952,0.01464,0.18544,0.10248,0.01952,0.02928,0.01952,-0.03904
0.00488,0.00488,-0.01464,-0.01708,-0.01952,0.0122,0.1952,0.0732,0.00976,0.02928,0.0244,-0.0488
-0.00488,0.01708,-0.02928,-0.02684,-0.0244,0.00976,0.23424,0.03904,-0.01464,0.03416,0.01464,-0.05368
-0.01464,0.01952,-0.0244,-0.01708,-0.00976,-0.00244,0.22936,0.03416,-0.00976,0.0244,0.01952,-0.05368
-0.00976,0.00976,-0.00976,-0.00488,0,-0.00488,0.21472,0.0244,-0.01464,0.0244,0.00488,-0.05856
0,0.0122,-0.0244,-0.0244,-0.0244,0.0122,0.19032,0.0244,-0.01464,0,-0.00976,-0.0732
0.00488,0.01952,-0.04392,-0.04636,-0.0488,0.02684,0.16592,0.0244,-0.01952,-0.0244,-0.01952,-0.07808
-0.01952,0.03172,-0.04392,-0.03416,-0.0244,0.00244,0.19032,0.0244,-0.0244,-0.00976,-0.00976,-0.05856
-0.02928,0.03172,-0.03416,-0.01952,-0.00488,-0.0122,0.21472,0.01464,-0.0244,0.01952,-0.00976,-0.05856
-0.01952,0.03172,-0.04392,-0.03416,-0.0244,0.00244,0.22448,0.01952,-0.04392,0.00488,-0.01464,-0.08296
-0.01952,0.03172,-0.04392,-0.03416,-0.0244,0.00244,0.22448,0.01952,-0.05368,-0.03416,-0.01952,-0.08296
0.00976,0.00976,-0.02928,-0.03416,-0.03904,0.0244,0.20008,-0.00976,-0.04392,-0.02928,-0.0244,-0.0976
0.02928,0.00244,-0.03416,-0.0488,-0.06344,0.04636,0.20496,-0.04392,-0.0488,-0.0244,-0.02928,-0.10248
-0.00976,0.03172,-0.05368,-0.0488,-0.04392,0.01708,0.1952,-0.02928,-0.06344,-0.03416,-0.02928,-0.10248
-0.03416,0.04636,-0.05856,-0.04148,-0.0244,-0.00488,0.18056,-0.0244,-0.06344,-0.05856,-0.04392,-0.11712
-0.01952,0.04392,-0.06832,-0.05856,-0.0488,0.01464,0.18056,-0.00976,-0.05368,-0.04392,-0.03904,-0.10248
-0.01464,0.04148,-0.06832,-0.061,-0.05368,0.01952,0.19032,0.00976,-0.04392,-0.01952,-0.03416,-0.10248
-0.00488,0.02928,-0.05368,-0.05124,-0.0488,0.02196,0.18544,0.00488,-0.04392,-0.00976,-0.02928,-0.11712
0.01464,0.01464,-0.04392,-0.05124,-0.05856,0.0366,0.1708,0.00488,-0.05856,-0.02928,-0.02928,-0.12688
-0.00976,0.0366,-0.06344,-0.05856,-0.05368,0.02196,0.18056,-0.00976,-0.05368,-0.04392,-0.03904,-0.13664
-0.01464,0.0366,-0.05856,-0.05124,-0.04392,0.01464,0.18056,-0.01952,-0.04392,-0.0488,-0.03416,-0.15616
-0.03416,0.04392,-0.05368,-0.0366,-0.01952,-0.00732,0.1708,-0.00976,-0.0488,-0.0488,-0.03904,-0.15128
-0.01952,0.03904,-0.05856,-0.0488,-0.03904,0.00976,0.17568,0.00976,-0.03904,-0.03904,-0.04392,-0.15128
-0.03904,0.05124,-0.06344,-0.04392,-0.0244,-0.00732,0.17568,0.03416,-0.03416,-0.05368,-0.04392,-0.16104
-0.04392,0.05368,-0.06344,-0.04148,-0.01952,-0.0122,0.18056,0.05856,-0.03416,-0.06832,-0.06832,-0.16104
-0.01464,0.04392,-0.0732,-0.06588,-0.05856,0.02196,0.18056,0.05856,-0.03416,-0.05856,-0.06344,-0.1708
0,0.03172,-0.06344,-0.06344,-0.06344,0.03172,0.17568,0.06344,-0.0244,-0.05856,-0.04392,-0.1708
-0.04392,0.04636,-0.0488,-0.02684,-0.00488,-0.01952,0.16104,0.04392,-0.02928,-0.03904,-0.03416,-0.16104
-0.0732,0.0732,-0.0732,-0.0366,0,-0.0366,0.16104,0.0488,-0.03904,-0.02928,-0.02928,-0.15616
-0.05368,0.05856,-0.06344,-0.0366,-0.00976,-0.02196,0.15128,0.05368,-0.0244,-0.04392,-0.01952,-0.16104
-0.05856,0.061,-0.06344,-0.03416,-0.00488,-0.02684,0.15128,0.06832,-0.01464,-0.05856,-0.02928,-0.1708
-0.04392,0.04392,-0.04392,-0.02196,0,-0.02196,0.13664,0.08296,-0.00976,-0.06344,-0.03904,-0.17568
-0.04392,0.04636,-0.0488,-0.02684,-0.00488,-0.01952,0.122,0.07808,-0.00488,-0.05856,-0.03904,-0.16104
-0.00488,0.00976,-0.01464,-0.0122,-0.00976,0.00244,0.14152,0.08296,0.01464,-0.03416,-0.02928,-0.14152
-0.02928,0.01464,0,0.01464,0.02928,-0.02928,0.16104,0.08784,0.03904,-0.01952,0.00976,-0.14152
-0.00488,-0.00732,0.01952,0.02196,0.0244,-0.01464,0.19032,0.06832,0.03416,-0.02928,0,-0.1464
0.01952,-0.02684,0.03416,0.0244,0.01464,0.00244,0.2196,0.07808,0.03904,-0.01464,0.00488,-0.15616
0.00488,-0.02196,0.03904,0.0366,0.03416,-0.01464,0.1952,0.05368,0.03904,-0.00976,0.00488,-0.15128
-0.00976,-0.00976,0.02928,0.03416,0.03904,-0.0244,0.1952,0.0732,0.03904,0,0.00488,-0.15128
